0.43233,0.4393,0.10325,0.39809,0.48762,0.18204,0.32659,0.13205,0.19726,0.4585,0.45515,0.02758,0.344,0.39057,0.44682,0.1546,0.043432,0.15941,0.16541,0.18485,589.89,329.27,654.44,116.4,90.872,470.49,0.092016,127.04,1
0.68089,0.2419,0.2126,0.43341,0.69271,0.33637,0.078316,0.11205,0.31402,0.33314,0.38466,0.0086622,0.3131,0.4042,0.31721,0.13651,0.030885,0.092668,0.12308,0.1211,675.86,334.29,704.18,223.78,59.009,105.41,0.076635,86.051,1
0.5928,0.52004,0.37198,0.51937,1.1637,0.46237,0.21404,0.38113,0.64152,0.90341,0.42825,0.042101,0.47015,0.38583,0.48279,0.14433,0.024363,0.11817,0.12772,0.1266,592.83,319.91,548.89,292.19,140.98,1117.6,0.10407,204.57,1
1.7453,0.95687,1.4207,2.1349,2.2609,1.2794,1.5542,1.2713,1.6725,2.1426,0.71127,0.14863,0.7479,0.79614,0.8113,0.32226,0.060145,0.29966,0.31095,0.31853,432.44,236.48,326.94,366.84,206.79,1542.6,0.047203,344.4,0
0.62071,0.36292,0.38156,0.62715,0.80908,0.53838,0.2558,0.30366,0.40945,0.81782,0.40761,0.026284,0.41035,0.39064,0.31312,0.14652,0.022793,0.11347,0.1174,0.14239,630.39,301.75,595.74,222.44,119.72,215.05,0.063025,94.052,1
1.2022,0.24288,0.72609,1.2289,0.86232,0.89344,0.09107,0.94969,0.85395,0.78852,0.33692,0.01538,0.24772,0.35167,0.27917,0.072545,0.027301,0.088174,0.10382,0.1023,638,349.69,693.9,199.66,124.52,150.99,0.054741,74.708,1
1.5206,0.59764,1.0443,1.5685,1.5382,1.0605,0.31887,1.1094,1.2131,1.4307,0.45278,0.049972,0.35294,0.42512,0.39341,0.12667,0.061184,0.095123,0.13116,0.15131,574.62,324.1,633.92,276.13,128.61,240.61,0.098621,188.95,1
0.051262,0.15595,0.0031845,0.024372,0.14319,0.01663,0.033072,0.0019898,0.016886,0.029825,0.39913,0.00074707,0.31537,0.36771,0.35302,0.14525,0.052863,0.1138,0.14346,0.13872,679.53,365.31,735,48.82,36.485,85.133,0.23284,38.153,1
2.5492,0.53858,2.1494,2.0987,1.8587,1.6733,0.42715,1.6094,1.6059,2.4995,0.39145,0.057528,0.35797,0.46436,0.34522,0.15577,0.03262,0.11312,0.15123,0.15946,587.99,301.45,470.07,361.88,210.38,790.72,0.050992,285.43,1
0.81756,0.20003,0.47934,0.91668,1.077,0.55609,0.16343,0.4011,0.65054,0.7799,0.35333,0.01765,0.38337,0.40213,0.35448,0.13965,0.029006,0.1186,0.1401,0.1154,649.85,352.46,636.1,213.27,93.102,103.15,0.047714,100.81,1
0.8873,0.46697,0.53885,0.68549,1.0979,0.81915,0.35663,0.33496,0.69896,0.81354,0.42425,0.034063,0.39307,0.40235,0.39002,0.15345,0.029283,0.11004,0.15401,0.14612,539.3,295.77,596.46,296.18,137.9,867.46,0.0245,205.42,1
2.4552,1.1075,1.7124,2.3738,3.4657,1.8869,1.3329,1.1186,1.9364,2.836,0.73146,0.21922,0.65603,0.81663,0.84117,0.26396,0.094506,0.2321,0.27079,0.3298,602.76,291.77,552.94,314.89,174.36,357.26,0.056538,232.29,0
0.43895,0.11968,0.11279,0.36331,0.52702,0.20457,0.036206,0.083943,0.15752,0.23369,0.35222,0.0022828,0.27808,0.28627,0.2518,0.11511,0.028608,0.086839,0.10834,0.12299,684.08,356.51,710.21,152.6,63.921,16.767,0.077578,56.818,1
3.6107,0.78013,3.0931,3.4578,4.2465,3.5363,0.76872,2.849,3.1875,3.9648,0.64162,0.21298,0.52941,0.73143,0.73096,0.22688,0.08282,0.21173,0.23749,0.34667,547.56,254.96,550.78,329.9,272.6,83.764,0.03548,300.84,0
1.6613,0.74479,1.0219,1.7174,1.7673,1.332,0.69349,0.78185,1.0064,1.418,0.36436,0.074172,0.39719,0.3767,0.34821,0.13064,0.031708,0.078389,0.11153,0.13062,582.64,250.84,522.81,369.8,144.08,402.03,0.13216,187.7,1
3.3548,1.3207,2.6789,3.5638,4.4549,3.5976,1.7101,2.3424,3.2083,4.5174,0.7769,0.23376,0.6783,0.8861,0.95908,0.26278,0.10148,0.23238,0.32076,0.35912,540.05,318.6,594.37,332.79,194.23,1.0284,0.054203,228.9,0
0.83906,0.50296,0.47083,0.89054,1.1324,0.70447,0.27144,0.36939,0.76128,1.1698,0.30544,0.018607,0.32612,0.36262,0.32368,0.14933,0.041513,0.11741,0.11817,0.12481,593.15,330.7,629.06,250.04,151.74,447.07,0.039362,153.52,1
0.90601,0.1686,0.43382,0.74453,0.9442,0.60776,0.061424,0.34813,0.60906,0.50627,0.36148,0.0059869,0.31479,0.34951,0.32506,0.10511,0.014773,0.091606,0.087037,0.082225,674.52,331.51,678.49,288.06,79.776,64.623,0.049522,91.515,1
0.6433,0.52754,0.36261,0.43987,0.7653,0.41848,0.36132,0.25224,0.46834,0.62674,0.41882,0.05332,0.45321,0.43741,0.35821,0.17662,0.035211,0.15154,0.17175,0.18589,597.58,275.82,577.66,206.85,155.13,1334.7,0.058415,209.54,1
1.0855,0.76692,0.86194,1.052,1.3267,1.0885,0.63301,0.55911,0.9272,1.7744,0.45754,0.083571,0.44213,0.43133,0.43174,0.1276,0.042488,0.14009,0.20103,0.18083,550.73,288.1,553.02,256.56,190.97,1451.5,0.062578,224.22,1
0.20278,1.0132,0.049803,0.16414,0.42227,0.27777,0.84913,0.072043,0.38637,0.49289,0.47271,0.054686,0.5255,0.49856,0.45028,0.23535,0.044985,0.2165,0.23503,0.18871,393.94,258.32,379.66,171.03,215.36,4296.6,0.039725,226.68,1
2.3413,0.87275,1.721,2.4911,3.3488,2.3159,1.0444,1.6906,2.3791,3.0426,0.56169,0.1771,0.53331,0.56675,0.55134,0.19107,0.062364,0.14536,0.18482,0.2576,558.1,286.03,525.83,285.77,227.83,480.6,0.040147,222.79,0
0.46868,0.18454,0.19508,0.70028,0.75009,0.33372,0.042947,0.20577,0.39635,0.42113,0.43205,0.0097904,0.357,0.41057,0.38693,0.1353,0.021405,0.093228,0.12705,0.1184,673.29,340.34,656.08,240.45,59.728,53.825,0.10873,89.732,1
2.1176,0.39928,2.0106,2.2181,2.8418,2.3978,0.87943,1.8638,2.3983,3.1811,0.87514,0.11998,0.89644,0.95897,0.97168,0.37079,0.048943,0.35938,0.36288,0.41649,644.39,289.85,567.41,370.33,177.45,0.42513,0.050907,211.12,0
1.5033,0.60888,0.63835,0.7917,1.2782,1.0884,0.85067,0.69501,1.1288,1.3768,0.55432,0.063326,0.52621,0.60547,0.71377,0.25184,0.051824,0.23395,0.29199,0.25116,528.58,281.23,460.56,281.85,230.88,2205.5,0.026268,282.57,0
0.12396,0.18995,0.014255,0.095849,0.18471,0.053838,0.065183,0.011343,0.058243,0.074203,0.48375,0.0055758,0.41965,0.46114,0.38738,0.19037,0.042105,0.13187,0.14949,0.18206,634.15,339.26,679.3,97.99,67.941,214.96,0.13626,58.305,1
1.8876,0.43976,1.5262,1.3523,1.921,1.6185,0.44419,1.6368,1.2728,2.0416,0.51307,0.043266,0.48878,0.49307,0.47606,0.19184,0.03711,0.19971,0.17307,0.20904,507.53,326.63,479.37,266.99,229.48,796.23,0.040055,292.38,1
1.2355,0.54568,0.83578,1.5476,1.7761,1.0991,0.50491,1.1514,1.1932,1.2773,0.51736,0.10009,0.50051,0.60295,0.62913,0.19875,0.044009,0.19205,0.20681,0.1882,629.11,308.52,580.35,289.55,122.18,465.67,0.046895,196.69,1
2.6946,0.94918,1.9178,2.328,3.6033,2.6997,0.90231,1.9476,2.6227,2.9168,0.82843,0.17877,0.81135,0.94133,0.97141,0.33767,0.086078,0.3222,0.34168,0.38958,629.71,332.95,585.27,355.92,226.26,2.9254,0.044767,220.71,0
2.025,0.8259,1.6608,1.9415,2.5416,1.9638,0.76296,1.2643,2.2261,2.9054,0.44453,0.13513,0.39993,0.5207,0.5195,0.14835,0.075359,0.10973,0.17376,0.20358,573.01,282.84,567.75,300.46,126.43,355.41,0.07581,177.72,1
0.90752,0.39544,0.5704,0.92185,1.2361,0.68692,0.14532,0.44654,0.58224,0.73354,0.35952,0.033428,0.33049,0.337,0.38712,0.13981,0.024996,0.091897,0.12678,0.13836,573.42,296.43,596.93,281.09,173.22,346.91,0.048607,135.8,1
2.155,0.57987,1.9566,2.2374,2.5498,2.2415,0.592,1.8373,2.0588,2.2789,0.7499,0.11742,0.75479,0.79972,0.89464,0.3301,0.068747,0.31461,0.33245,0.315,563.5,260.28,502,341.1,239.76,456.83,0.12963,301.35,0
0.58515,0.073036,0.14834,0.71928,0.44084,0.29127,0.027907,0.1419,0.25629,0.21231,0.33665,0.0012192,0.31097,0.32323,0.29402,0.12569,0.014599,0.082541,0.10799,0.097069,664.81,340,688.56,225.58,79.4,37.933,0.11899,89.555,1
3.2228,0.82341,2.6171,3.1547,3.67,3.0776,1.0243,2.6583,3.1823,3.905,0.77394,0.18531,0.71278,0.90836,0.93641,0.32544,0.087072,0.26977,0.33036,0.35982,615.88,309,611.96,352.57,155.18,2.237,0.093047,151.87,0
0.5209,0.28839,0.34071,0.5871,0.7921,0.46802,0.15061,0.20963,0.38212,0.59283,0.35789,0.01919,0.3464,0.36074,0.31565,0.12181,0.03828,0.10502,0.13168,0.13716,633.36,319.05,667.47,194.11,95.057,184.66,0.065774,93.924,1
0.43271,0.2914,0.13313,0.32659,0.45154,0.27709,0.15547,0.10643,0.25144,0.35568,0.39584,0.0097754,0.33511,0.35181,0.36185,0.12982,0.036202,0.10996,0.12328,0.13952,583.72,346.9,683.54,116.91,69.556,248.28,0.18148,88.529,1
0.41716,0.17756,0.19703,0.4304,0.47923,0.2421,0.063594,0.12694,0.31038,0.2858,0.36169,0.0041878,0.25966,0.31497,0.29911,0.11438,0.017343,0.082034,0.087126,0.090362,658.83,359.54,689.11,223.31,54.614,97.119,0.045646,88.469,1
2.6218,0.8786,2.4382,2.5623,3.0912,2.3547,0.78699,2.0344,3.0007,3.271,0.63288,0.21485,0.5132,0.71209,0.79906,0.24287,0.07528,0.18817,0.23967,0.29288,559.46,283.14,518.71,343.65,218.21,723.18,0.063977,295.89,0
1.5939,0.58037,1.5647,2.0045,2.4741,1.688,0.54481,1.8461,2.2111,2.8427,0.46306,0.10273,0.42775,0.51906,0.53503,0.13782,0.043571,0.11786,0.15874,0.13494,587.07,315.75,549.74,354.77,248.99,570.71,0.020714,279.94,1
0.42666,0.26881,0.18143,0.48398,0.57735,0.27882,0.14583,0.15931,0.33303,0.44659,0.39377,0.011443,0.36374,0.38078,0.3293,0.13844,0.029085,0.13014,0.1297,0.14793,616.49,337.82,657.26,173.28,74.281,290.2,0.067036,89.726,1
1.705,0.1762,0.9799,1.3648,1.3807,0.86015,0.085034,0.8438,0.98373,1.0223,0.35638,0.0050381,0.29628,0.32202,0.31472,0.11486,0.015284,0.079816,0.098036,0.10482,678.23,336.94,678.94,312.42,90.919,96.049,0.025422,119.54,1
1.6353,0.48988,1.8405,1.7561,1.9772,1.618,0.40097,1.2654,1.8294,1.8276,0.47385,0.084065,0.46446,0.43409,0.49097,0.16037,0.039004,0.15424,0.18204,0.19957,573.7,312.88,576.09,281.15,214.36,462.47,0.058651,257.27,1
2.2384,0.46241,1.5898,1.9354,2.3522,1.8031,0.42281,1.4159,1.6796,1.8342,0.36585,0.071857,0.39042,0.40071,0.4791,0.13337,0.041876,0.10052,0.1241,0.15585,620.52,266.74,597.46,336.9,168.89,246.87,0.04713,142.45,1
0.75607,0.43727,0.28676,0.78519,0.63347,0.6927,0.25076,0.25383,0.4906,0.74675,0.37456,0.025673,0.4281,0.36922,0.40632,0.17215,0.029832,0.12778,0.11405,0.15323,585.83,360.78,577.83,269.65,153.73,812.19,0.0526,222.47,1
0.10367,0.30042,0.014281,0.0707,0.22864,0.073199,0.11764,0.0078449,0.038778,0.091627,0.43212,0.0044613,0.29733,0.44708,0.29528,0.14109,0.041026,0.12825,0.15926,0.14362,598.6,329.26,707.77,101.7,63.653,413.61,0.082388,66.827,1
2.7124,1.4481,1.2569,2.5284,3.8041,2.3716,1.7007,1.3141,2.2396,3.9633,0.79848,0.22044,0.73286,0.90065,0.97353,0.29596,0.096119,0.28326,0.36092,0.40411,591.5,321.05,612.74,358.37,174.69,27.525,0.12455,224.19,0
1.5086,0.13324,0.86716,1.0248,1.1191,0.96895,0.071486,0.76788,0.86534,0.81888,0.38254,0.0068338,0.31546,0.28737,0.33972,0.10025,0.018665,0.086487,0.10021,0.10894,664.12,339.2,673.45,257.28,128.26,43.954,0.12235,149.65,1
0.76527,0.67769,0.31056,0.57388,0.96756,0.71711,0.58109,0.46052,0.8348,0.88294,0.39742,0.066789,0.38042,0.38297,0.4344,0.1696,0.038559,0.15086,0.20548,0.16327,540.27,309.42,618.57,217.75,129.6,744.52,0.028699,116.78,1
2.9695,0.54105,3.1036,3.2384,3.0179,3.0008,0.35431,3.3107,2.8697,3.4757,0.3621,0.083767,0.37398,0.4314,0.42755,0.15615,0.035369,0.11293,0.12899,0.13682,590.38,319.34,590.13,339.74,187.74,60.106,0.049272,202.86,1
1.0755,0.91766,0.61715,0.98916,1.702,0.98549,0.82053,0.57347,1.2199,2.0248,0.44716,0.098296,0.44344,0.41618,0.52731,0.15287,0.033597,0.14963,0.18805,0.19217,580.5,315.85,579.78,264.85,136.65,903.19,0.03547,238.5,1
3.1192,2.0291,2.3119,3.1143,4.7617,3.2186,2.2659,1.8385,2.6458,4.7418,0.79154,0.29386,0.65453,0.93279,0.9569,0.27774,0.12165,0.22601,0.31971,0.38075,593.31,312.61,611.15,370.27,160.68,3.078,0.071201,155.33,0
0.46666,0.13077,0.095214,0.34961,0.47807,0.22421,0.064523,0.109,0.27784,0.24631,0.40777,0.0025108,0.31585,0.37723,0.30955,0.13009,0.032281,0.095082,0.11149,0.12584,675.75,365.69,680.48,136.7,60.785,39.076,0.31872,73.299,1
3.5901,1.7758,2.9068,3.4278,4.8077,3.8109,2.0643,2.2141,3.1559,5.1404,0.7307,0.30231,0.53265,0.86762,0.98338,0.23879,0.12506,0.16492,0.29254,0.36926,604.37,295.5,656.56,383.88,126.42,0.036575,0.31307,150.4,0
2.0918,0.90561,1.6687,2.2294,2.7203,2.3268,1.0813,1.3505,2.0859,2.9099,0.8088,0.1481,0.7894,0.87776,0.94531,0.31825,0.080401,0.299,0.32566,0.37385,587.77,292.62,591.1,345.65,189.64,8.5501,0.072739,209.91,0
1.651,0.59667,1.4071,1.5525,1.9155,1.5897,0.68867,1.3476,1.7701,2.323,0.51605,0.10677,0.49089,0.54985,0.53525,0.19891,0.041312,0.16915,0.18155,0.21582,563.47,321.96,570.18,292.82,194.89,721.67,0.042925,299.13,1
2.6677,0.74972,2.4137,2.7224,3.2439,2.7657,0.59021,2.2843,2.9343,2.997,0.51732,0.15686,0.5649,0.64014,0.50969,0.19633,0.070462,0.15906,0.20612,0.24954,535.01,220.75,542.13,315.79,218.7,911.98,0.037672,235.08,0
0.61892,0.2496,0.19292,0.52377,0.83448,0.45143,0.096067,0.19764,0.3787,0.32967,0.41913,0.026131,0.39697,0.35356,0.31968,0.1234,0.030189,0.122,0.12566,0.14981,602.82,330.43,670.04,169.79,118.11,221.15,0.058527,118.44,1
0.85835,0.45152,0.70832,0.90787,0.89987,0.70303,0.27569,0.58967,0.90099,0.80345,0.3459,0.04891,0.40195,0.4251,0.41772,0.13553,0.035215,0.12261,0.16257,0.15525,605.58,328.35,610.51,260.51,123.67,495.91,0.027126,146.91,1
2.2367,0.39631,1.9974,2.1325,2.261,2.181,0.27433,2.1892,2.6298,2.3268,0.47904,0.066378,0.48658,0.52908,0.50208,0.17912,0.024239,0.1593,0.2256,0.13902,615.72,305.55,494.6,354.36,121.42,553.93,0.031348,249.71,1
2.362,1.1323,1.698,2.1595,3.1018,2.4547,1.5008,1.2283,2.0843,3.1673,0.76744,0.18844,0.74721,0.8681,0.91641,0.31351,0.081304,0.27683,0.34627,0.37042,542.32,302.26,493.19,354.41,191.73,37.171,0.046881,247.42,0
1.7464,0.14398,1.5391,1.4641,1.614,1.518,0.15231,1.3496,1.7993,1.4098,0.33315,0.0165,0.32148,0.3536,0.41921,0.14381,0.03262,0.12735,0.10654,0.1269,642.34,328.74,651.7,307.86,137.75,155.32,0.1217,179.35,1
2.0056,1.0183,1.2808,1.8345,2.0678,1.7831,1.0317,1.1637,1.7022,2.0955,0.54388,0.1604,0.5367,0.57716,0.64108,0.20641,0.065459,0.18177,0.22347,0.25021,533.49,271.93,519.53,286.03,237.43,865.46,0.026311,240.69,0
1.0774,0.1936,0.4971,0.99513,0.78526,0.49917,0.1094,0.33494,0.61227,0.40759,0.36944,0.010067,0.33416,0.36054,0.33361,0.12776,0.025263,0.10498,0.12535,0.13528,663.63,347.1,667.43,246.48,66.643,89.286,0.087612,81.645,1
2.2523,0.81305,1.7576,1.7679,2.7817,2.145,0.75908,1.4677,1.4416,2.5187,0.59671,0.11407,0.5363,0.51854,0.63349,0.2102,0.053119,0.1647,0.1795,0.21392,569.32,282.66,521.99,333.14,179.82,596.78,0.039056,255.36,0
1.754,0.60638,1.5385,1.371,1.7725,1.6192,0.38687,1.1301,1.5414,1.6185,0.4391,0.06608,0.4207,0.48156,0.42924,0.17146,0.038754,0.13591,0.16697,0.19557,545.73,327.13,560.48,278.34,132.78,629.02,0.042951,201.58,1
2.256,1.0841,1.4424,2.6837,3.5175,2.3102,1.7707,0.99638,1.9843,3.4665,0.82626,0.20094,0.83836,0.96964,1.0191,0.33509,0.068503,0.30308,0.34386,0.40942,623.15,284.95,599.1,386.6,137.61,0.017813,0.12253,148.39,0
2.9767,1.2866,1.8108,2.4442,3.8399,2.745,1.3415,2.121,2.998,3.2979,0.57987,0.18379,0.58733,0.73392,0.75237,0.24011,0.071528,0.24618,0.29243,0.31018,579.62,261.29,570.98,333.44,270.73,284.83,0.10141,299.01,0
2.895,0.77607,2.073,2.4253,2.6656,2.0117,0.36018,1.9795,2.3905,2.4097,0.77211,0.10276,0.74659,0.82572,0.72352,0.27895,0.050065,0.27865,0.32137,0.34833,547.6,266.56,446.83,325.01,248.95,921.08,0.027797,276.17,0
0.72188,0.57144,0.33,0.58068,1.0921,0.53721,0.6727,0.36033,0.76435,0.88888,0.50007,0.060898,0.52554,0.46067,0.473,0.21093,0.040458,0.166,0.1713,0.17806,562.88,296.19,522.9,195.83,188.61,1989.9,0.07619,211.71,1
2.7065,1.3179,1.7083,2.6078,3.6643,2.9148,1.7869,2.1399,2.6844,4.0375,0.73304,0.21065,0.73376,0.89468,0.96944,0.31023,0.078693,0.28031,0.36054,0.36987,577.7,306.48,542.44,356.36,162.61,1.4922,0.058309,206.81,0
1.8333,0.36578,1.8481,2.3882,1.9083,1.8933,0.17653,1.7576,2.0601,1.9713,0.32809,0.035623,0.26688,0.32902,0.28812,0.10509,0.031302,0.061978,0.10275,0.14115,658.36,323.41,662.31,342.07,137.05,92.56,0.050926,157.36,1
3.6534,1.7908,2.8286,3.459,4.7068,3.6279,1.9489,2.5968,3.7175,4.9135,0.74362,0.26261,0.6497,0.87808,0.94433,0.27292,0.10702,0.22813,0.31675,0.36623,549.63,322.4,587.66,302.71,243.68,3.5106,0.11131,228.17,0
3.3014,1.0974,2.7069,3.4054,3.9253,3.349,0.92083,3.3081,3.2727,4.2333,0.75733,0.21672,0.60151,0.82086,0.86932,0.26826,0.087104,0.21843,0.29678,0.32625,529.7,273.81,575.83,356.98,187.9,79.743,0.097684,233.98,0
2.7463,0.3819,1.893,2.7048,2.8655,2.7673,0.3305,2.4083,2.6186,2.9372,0.52711,0.061227,0.43666,0.42369,0.40825,0.20144,0.036674,0.093572,0.12037,0.16001,620.01,303.49,611.93,325.1,157.02,279.1,0.035377,331.44,1
0.96392,0.48059,0.60969,1.0946,1.5895,0.93945,0.4212,0.7458,0.89305,0.94567,0.50377,0.062661,0.52658,0.46464,0.49801,0.19439,0.050399,0.18777,0.1851,0.21682,558.01,282.93,470.81,199.81,194.3,971,0.080453,231.74,1
1.469,0.46066,1.066,1.6913,1.3045,1.2345,0.40068,1.0798,0.98681,1.2923,0.36108,0.06743,0.41138,0.39413,0.40406,0.12136,0.047608,0.12358,0.16264,0.16723,584.58,304.57,575.32,297.47,136.34,750.66,0.051189,227.18,1
0.74891,0.18935,0.36194,0.6238,0.90825,0.3208,0.11008,0.17982,0.33794,0.49681,0.37033,0.015576,0.30875,0.37033,0.34759,0.13617,0.02984,0.10656,0.11165,0.12638,649.76,336.62,698.23,200.21,113.25,242.52,0.036301,121.61,1
3.5331,1.5176,2.6082,3.7001,4.3855,3.6202,1.9504,2.3397,3.1544,4.8794,0.74278,0.20885,0.67928,0.88751,0.89985,0.27779,0.092887,0.22465,0.30159,0.35884,627.61,306.9,619.72,390.43,189.32,1.2549,0.07954,177.38,0
0.23719,0.31484,0.028472,0.13194,0.30743,0.077974,0.080259,0.024877,0.10893,0.15283,0.49332,0.0094016,0.38615,0.45526,0.37834,0.17516,0.039702,0.15817,0.15914,0.18583,529.53,312.34,640.46,119.3,111.51,581.32,0.13544,96.499,1
1.3812,0.31245,1.2651,1.4504,1.6998,1.2902,0.25307,0.87265,1.2378,1.5695,0.30559,0.036674,0.29239,0.3036,0.33446,0.10111,0.024522,0.080679,0.10055,0.097976,599.7,328.95,629.8,315.31,122.49,178.12,0.029477,93.286,1
0.60288,0.30649,0.22402,0.50452,0.85841,0.4225,0.12871,0.1443,0.26733,0.4105,0.33727,0.013433,0.37368,0.31202,0.31102,0.11618,0.027697,0.099901,0.10994,0.13861,611.1,307.64,646.58,181.98,110.68,524.15,0.063293,138.43,1
1.197,0.30127,0.74513,1.0691,1.1607,0.98235,0.21981,0.65313,1.0329,1.0655,0.36849,0.025778,0.33751,0.34278,0.39049,0.13135,0.030057,0.098068,0.14322,0.12323,637.09,327.85,657.32,266.75,98.122,283.75,0.04845,96.987,1
1.1684,0.41076,0.66173,0.97554,1.0948,0.59413,0.23364,0.42341,0.73914,1.0279,0.37981,0.028225,0.39178,0.40519,0.38686,0.13378,0.031184,0.12246,0.14299,0.14211,604.36,329.54,605.73,249.32,142.02,358.02,0.027371,148.87,1
2.7281,1.5034,1.6601,2.3112,3.6836,3.0053,1.6094,1.5593,2.2371,3.7127,0.81727,0.25113,0.73496,0.91176,1.0143,0.27937,0.10769,0.24799,0.34182,0.38051,574.14,325.13,531.2,355.95,238.36,12.963,0.086616,195.97,0
2.1206,1.2938,1.6,2.196,3.5656,2.3946,1.9426,1.5261,2.2132,3.5441,0.77197,0.26423,0.71459,0.91494,0.94796,0.27196,0.111,0.26369,0.34306,0.38342,560.87,301.66,546.9,325.93,191.84,20.104,0.058479,186.02,0
3.6475,1.15,2.9514,3.5427,4.2527,3.2254,1.0872,2.5792,3.5089,4.3964,0.64639,0.21968,0.55439,0.75308,0.86862,0.28391,0.11461,0.19547,0.29217,0.31627,595.28,319.96,612.83,288.66,209.51,4.3474,0.04465,194.23,0
2.0981,1.4498,1.3464,2.3892,3.8622,2.5764,1.9837,1.1291,2.0087,3.8544,0.8941,0.2018,0.85163,0.94948,1.0125,0.34158,0.081003,0.32798,0.36989,0.41019,637.51,290.79,545.91,375.57,183.14,7.3861,0.1016,240.17,0
3.7532,1.1672,3.0488,3.6131,4.854,3.9989,1.5604,2.9682,3.7814,4.738,0.84947,0.27741,0.73295,0.95329,0.99913,0.28119,0.1051,0.27347,0.3264,0.37106,632.49,321.15,627.42,344.75,221.88,0.09595,0.028902,183.87,0
0.19157,0.29971,0.023695,0.12447,0.31795,0.091455,0.19299,0.018383,0.074038,0.20385,0.47494,0.0083675,0.38951,0.44217,0.37819,0.15323,0.022686,0.14916,0.13779,0.13275,670.82,314.82,701.63,177.04,58.206,341.47,0.075292,71.839,1
2.0164,0.88291,1.4561,2.2979,2.7109,2.1167,0.9794,1.2986,2.1751,2.5881,0.78484,0.14337,0.76565,0.89336,0.90555,0.3208,0.074241,0.30992,0.32216,0.36463,556.39,304.59,527.27,333.76,212.17,435.72,0.029045,222.01,0
0.39936,0.3608,0.1761,0.56369,0.89477,0.40259,0.23088,0.27865,0.39491,0.55009,0.39408,0.019064,0.3837,0.3877,0.30958,0.11663,0.029499,0.12636,0.13979,0.12055,596.39,311.54,666.84,217.7,114.29,296.38,0.083056,96.584,1
3.4364,1.7841,2.6027,3.0531,4.5303,3.6193,1.6967,2.0615,3.086,4.4139,0.79596,0.26815,0.70866,0.91275,0.99114,0.27,0.11934,0.25599,0.31517,0.38003,525.67,308.49,582.35,360.13,261.51,1.5327,0.056316,200.96,0
1.2742,0.38003,1.388,1.3962,1.3771,1.2853,0.19732,1.1019,1.0524,1.0849,0.2958,0.0099089,0.26874,0.32344,0.23085,0.10695,0.020629,0.068219,0.088702,0.089234,631.11,272.48,626.48,322.73,140.76,128.28,0.062579,193.11,1
2.9422,1.4688,2.4524,3.1004,4.5968,3.6586,2.3233,1.845,3.1481,4.6854,0.88198,0.23854,0.80397,0.96895,1.034,0.32227,0.098996,0.30209,0.33703,0.42973,572.22,309.67,598.22,390.27,159.07,0.006175,0.082002,219.41,0
0.15167,0.24193,0.017916,0.1206,0.30392,0.077157,0.083945,0.013367,0.071807,0.1292,0.42811,0.0029033,0.3616,0.45843,0.36076,0.13976,0.021964,0.094299,0.1209,0.13987,626.28,361.04,685.88,146.09,44.12,141.26,0.1176,44.806,1
1.7986,0.82889,1.3628,1.9675,3.0016,2.3168,1.1714,1.135,2.3521,2.9423,0.78344,0.18016,0.81514,0.82662,0.92294,0.31707,0.084127,0.29457,0.35672,0.38803,528.67,318.59,550.24,309.89,245.31,168.69,0.042153,237.87,0
4.1084,1.4023,3.4768,4.1519,5.0787,4.2359,1.7588,3.2564,4.277,5.2279,0.73845,0.25502,0.6229,0.79375,0.84243,0.26644,0.10564,0.19542,0.27804,0.34271,584.28,315.16,589.91,313.13,214.09,2.4895,0.17094,293.4,0
3.1284,1.2521,2.6781,3.5673,4.1619,3.3577,1.4632,2.1813,3.0099,4.0881,0.80921,0.24695,0.70594,0.91308,0.97381,0.29352,0.097687,0.24193,0.31365,0.40203,590.3,307.69,641.2,362.66,123.57,0.40104,0.041727,169.59,0
1.4331,0.7436,0.98033,1.8028,1.8299,1.3616,0.74533,1.2573,1.5328,2.1736,0.39004,0.094993,0.38013,0.41435,0.38049,0.11997,0.048943,0.11764,0.11012,0.15738,589.25,294.12,648.03,292.2,179.66,432.76,0.085602,151.19,1
1.7613,0.58418,1.6875,2.1904,2.0137,1.3178,0.28255,1.5523,2.3378,1.8486,0.32807,0.071527,0.36255,0.45806,0.32007,0.12509,0.040959,0.085887,0.13983,0.138,583.13,290.18,621.69,328.36,151.55,241.8,0.069903,128.47,1
0.25452,0.138,0.049762,0.27772,0.51839,0.12375,0.051117,0.050465,0.14691,0.26756,0.38721,0.0026793,0.30367,0.35542,0.30244,0.14035,0.032477,0.11295,0.12174,0.12911,664.68,354.27,713.88,145.53,46.982,75.47,0.11166,47.758,1
0.52089,0.19164,0.10714,0.39427,0.43958,0.27003,0.055643,0.1326,0.30242,0.30227,0.33066,0.0035598,0.32917,0.32613,0.30656,0.13405,0.023077,0.10309,0.1091,0.13242,663.55,353.11,682.88,192.18,74.344,50.438,0.092192,70.333,1
2.4474,0.47945,2.2625,2.1795,2.1162,2.1563,0.36356,2.4829,2.0859,2.4539,0.39195,0.057139,0.36952,0.42261,0.35071,0.15916,0.032983,0.10353,0.13215,0.13749,567.93,288.58,479.95,355.17,210.76,606.92,0.073363,219.85,1
0.90324,0.25955,0.46331,1.182,0.98634,0.84543,0.19035,0.65342,0.80005,0.83689,0.37382,0.012053,0.36977,0.40521,0.33356,0.13101,0.027509,0.10849,0.11993,0.12309,644.69,342.99,647.35,257.65,131.92,109.64,0.027285,121.87,1
0.49129,0.12782,0.1777,0.43366,0.56855,0.23023,0.035641,0.22077,0.39635,0.40562,0.34637,0.0025691,0.2871,0.33342,0.28744,0.094653,0.025393,0.093304,0.096711,0.11087,682.3,359.57,700.87,182.22,103.66,25.697,0.12579,92.852,1
0.56435,0.35499,0.31923,0.45207,0.882,0.51513,0.18099,0.24542,0.57388,0.50485,0.38773,0.017269,0.38752,0.36686,0.38196,0.14559,0.024984,0.13565,0.15206,0.14481,594.47,324.24,646.11,248.4,110.35,423.94,0.10336,132.14,1
1.4009,0.19048,0.75178,1.1908,1.1306,0.93816,0.11823,0.70841,1.1408,1.1016,0.34944,0.011502,0.33907,0.34707,0.32992,0.10966,0.021347,0.1009,0.11525,0.1257,605.05,327.78,627.09,275.85,119.08,148.5,0.048225,106.2,1
1.5918,0.33331,1.7939,1.8071,1.5223,1.3303,0.15303,1.3457,1.5948,1.4729,0.36965,0.04727,0.39584,0.42005,0.31205,0.10839,0.034094,0.08486,0.13121,0.14273,638.1,320.17,603.7,341.98,131.37,133.99,0.082356,140.7,1
0.62997,0.093536,0.17162,0.65034,0.85128,0.3524,0.034331,0.19389,0.59959,0.33553,0.38434,0.0022612,0.26847,0.32356,0.30666,0.11409,0.030064,0.088286,0.087346,0.11259,691.94,365.37,701.69,212.79,67.553,11.172,0.18785,43.896,1
1.6396,0.5101,1.2981,1.6513,2.0453,1.4874,0.47325,1.5677,1.853,2.0543,0.54601,0.065507,0.49473,0.4693,0.51047,0.17586,0.031715,0.15974,0.1876,0.16479,610.16,294.29,568.71,377.64,178.12,630.81,0.070427,202.98,1
2.5978,0.67923,1.9944,2.6048,2.726,2.9695,0.6721,2.4509,2.2442,2.7464,0.84438,0.11408,0.84621,0.90376,0.97068,0.36943,0.067439,0.32024,0.34035,0.38839,618.56,286.52,583.41,362.22,193.86,8.0148,0.044709,228.02,0
0.77344,0.76561,0.34123,0.69576,1.6174,0.95688,1.4233,0.31885,0.85834,1.5126,0.82771,0.12175,0.84584,0.86174,0.9329,0.34679,0.074542,0.32373,0.3544,0.37769,436.96,288,437.14,356.58,283.35,1494.7,0.048106,300.52,0
1.3803,0.25871,1.0405,1.679,1.5297,0.9623,0.13834,1.114,1.587,1.0233,0.3689,0.018833,0.30486,0.39145,0.291,0.10083,0.021593,0.096072,0.099799,0.11897,645.31,335.9,637.4,325.72,115.43,63.564,0.070365,105.05,1
1.0132,0.79469,0.60378,1.009,1.2195,0.94921,0.50152,0.47286,0.86892,1.2829,0.34462,0.063445,0.36434,0.39689,0.40805,0.1609,0.043084,0.1238,0.16337,0.162,547.16,315.05,638.6,283.12,152.33,948.37,0.05301,173.58,1
1.3041,0.83455,0.96092,1.5095,1.947,1.598,0.71341,0.77829,1.1757,1.583,0.4505,0.099568,0.55428,0.54687,0.59405,0.23884,0.052355,0.19928,0.24493,0.26727,603.1,312.91,511.66,275.72,212.58,1346,0.052294,250.21,0
2.3681,1.0465,1.503,2.0643,3.1803,2.2445,1.3364,1.0809,1.8542,3.0427,0.78668,0.17218,0.76563,0.84622,0.89362,0.3008,0.08834,0.2826,0.32822,0.38242,487.72,279.41,560.88,302.76,234.56,40.511,0.039432,227.71,0
0.71519,0.43806,0.65605,0.86878,1.1103,0.846,0.33182,0.52972,0.80062,1.3934,0.44499,0.029929,0.37372,0.3167,0.37008,0.16262,0.024872,0.12686,0.11908,0.1266,567.81,293.34,614.57,297.49,147.82,887.71,0.07709,221.3,1
2.7191,0.96554,2.4914,2.5091,3.0389,2.4759,0.8352,1.9921,2.4784,2.9673,0.47073,0.13561,0.48695,0.519,0.4693,0.15779,0.055546,0.10521,0.16008,0.17787,547.22,342.04,593.73,242.9,231.47,392.49,0.11649,275.72,1
0.26938,0.43785,0.097034,0.23692,0.50745,0.1671,0.22155,0.093238,0.22945,0.31584,0.47602,0.026068,0.40872,0.45441,0.39428,0.17622,0.043662,0.12647,0.16182,0.14813,546.73,307.16,627.6,131.09,136.54,792.43,0.099776,142.92,1
1.601,0.30675,1.2413,1.2851,1.3317,1.1901,0.24605,1.3208,1.4095,2.0373,0.40974,0.02975,0.37234,0.44032,0.4035,0.11948,0.023648,0.092404,0.11536,0.11537,635.66,321.39,653,306.18,102.83,125.3,0.037303,133.87,1
1.0585,0.40881,0.64972,1.1238,1.4185,0.85524,0.29444,0.70205,0.78241,1.0857,0.37983,0.0398,0.36207,0.36391,0.32456,0.13516,0.044782,0.11925,0.13527,0.14141,556.58,299.78,611.57,277.39,216.39,456.64,0.019497,159.02,1
3.287,1.0766,2.7848,3.5186,4.2187,2.9526,1.1058,2.6466,3.1376,4.1363,0.58829,0.23635,0.47418,0.71047,0.76111,0.2189,0.075366,0.20315,0.24817,0.25298,602.27,273.19,542.04,346.29,205.76,135.97,0.07078,216.55,0
1.559,0.32605,1.1581,1.6361,1.5562,1.0903,0.16317,0.65509,1.011,1.371,0.36579,0.039404,0.27904,0.34377,0.31255,0.10192,0.028691,0.094032,0.10853,0.12557,671.17,349.93,698.06,324.01,116.17,56.617,0.049158,77.104,1
3.3151,1.4567,2.6366,3.332,4.5378,3.5685,1.7751,2.3536,2.6398,4.2666,0.79941,0.28077,0.69884,0.89077,0.97423,0.2901,0.1067,0.23401,0.31249,0.38506,622.6,330.01,648.96,316.89,119.73,0.28167,0.063476,116.22,0
2.0208,0.95192,1.3667,1.7544,2.3758,1.7242,0.72634,1.488,1.8623,2.6927,0.46009,0.064726,0.34197,0.43869,0.38355,0.10813,0.027921,0.1012,0.12792,0.16504,589.94,328.06,578.29,332.23,251.81,569.16,0.045803,238.55,1
1.2562,0.3614,0.57211,0.98325,1.3706,0.47449,0.093471,0.45451,0.77623,1.0234,0.27279,0.016159,0.19046,0.29223,0.20193,0.074379,0.026391,0.043773,0.089347,0.082994,675.15,386.25,735.9,175.42,66.646,41.508,0.049762,52.067,1
0.13219,0.11855,0.019462,0.081459,0.26741,0.089829,0.066889,0.020575,0.080438,0.12792,0.41363,0.0036777,0.34303,0.35527,0.34529,0.15036,0.034526,0.12445,0.1315,0.13554,647.13,341.02,688.63,106.33,63.377,152.73,0.11842,64.396,1
0.44048,0.38647,0.16901,0.50566,0.73751,0.35291,0.16775,0.19946,0.35872,0.45342,0.3424,0.01969,0.27945,0.32661,0.29387,0.106,0.038553,0.092602,0.12718,0.10506,640.87,340.36,699.2,135.18,109.12,184.42,0.18132,84.729,1
2.5826,1.1656,1.643,2.3668,2.9232,1.8593,0.93496,1.2666,2.3544,2.7598,0.57016,0.17103,0.55248,0.61934,0.6022,0.20407,0.093603,0.17341,0.23609,0.27638,493.74,334.86,588.49,278.57,240.96,220.03,0.039989,248.61,0
1.9195,0.76764,1.5879,1.3086,2.122,1.4732,0.63914,1.4464,2.0297,2.2792,0.71802,0.12058,0.77079,0.8106,0.83878,0.33387,0.056017,0.30434,0.32578,0.32669,504.31,289.53,467.56,327.62,279.63,1411.6,0.035086,339.39,0
0.91995,0.16481,0.44903,0.86048,0.6915,0.48406,0.061587,0.27581,0.50207,0.58431,0.34879,0.008225,0.30189,0.39114,0.3194,0.11858,0.020138,0.096623,0.11022,0.10748,660.24,322.74,680.9,222.09,95.752,101.94,0.051397,88.245,1
2.4292,0.7465,2.2937,2.7626,2.1304,2.3714,0.45768,1.7947,2.0551,2.5989,0.41236,0.10701,0.36431,0.44425,0.48775,0.12603,0.056975,0.068103,0.13592,0.15904,584.61,319.66,605.71,339.74,182.8,103.21,0.087266,200.59,1
1.9229,1.2931,0.66231,1.6793,2.3308,1.5103,1.0307,0.83472,2.2243,2.0014,0.58831,0.15776,0.59324,0.59231,0.69007,0.25003,0.067855,0.21572,0.24484,0.2636,544.11,315.22,539.06,275.38,216.03,690.95,0.046997,306.6,0
3.1495,1.0563,2.8854,3.3545,4.1508,3.4424,1.6822,2.7093,3.369,4.6012,0.82547,0.19112,0.76891,0.9435,0.96727,0.30556,0.07596,0.29179,0.34323,0.37078,614.44,289.31,596.59,396.66,178.05,0.6061,0.29912,219.13,0
0.47719,0.32428,0.18424,0.55172,0.73805,0.40039,0.19542,0.13831,0.28273,0.5059,0.42011,0.021322,0.36313,0.42156,0.33438,0.13569,0.035154,0.13189,0.14223,0.15728,614.08,329.09,663.28,204.5,79.413,250.31,0.022601,73.3,1
3.5052,1.5404,2.8228,3.5834,4.7343,3.6501,1.937,2.5312,3.1847,4.6656,0.76811,0.29484,0.58468,0.89483,0.95177,0.2548,0.12526,0.17808,0.31111,0.36975,616.12,316.45,679.71,393.91,114.95,0.05833,0.15436,151.81,0
0.81083,0.29444,0.39558,0.85422,0.9721,0.58054,0.13937,0.33711,0.51795,0.89317,0.33303,0.018953,0.29884,0.31821,0.31973,0.10741,0.031002,0.09423,0.10528,0.11175,635.26,358.87,695.15,167.71,78.605,48.138,0.10824,64.043,1
0.54311,0.15774,0.22711,0.77299,0.59356,0.29015,0.061556,0.19183,0.37306,0.36558,0.26447,0.0050874,0.25981,0.31983,0.28401,0.099628,0.017083,0.068815,0.10074,0.095095,678.02,348.07,686.92,249.27,56.583,38.409,0.11275,75.204,1
1.0984,0.39719,0.98908,1.0255,1.1297,0.95909,0.22604,0.79039,0.93271,1.0718,0.37599,0.032711,0.38595,0.36513,0.31721,0.13865,0.028667,0.10888,0.14411,0.13737,584.54,310.9,612.38,252.9,139.56,289.51,0.047739,146.3,1
1.1073,0.36447,0.94284,1.3452,1.1148,0.90594,0.35411,0.85644,0.84894,1.0854,0.37923,0.047244,0.36325,0.40911,0.33397,0.14951,0.029669,0.10062,0.13212,0.15331,624.95,316.72,637.14,329.35,138.46,303.45,0.046919,173.84,1
0.75145,0.17741,0.29129,0.76056,0.65944,0.35002,0.063124,0.24861,0.29678,0.517,0.35072,0.010296,0.34152,0.41372,0.2934,0.11036,0.027065,0.10619,0.1057,0.11918,672.7,327.52,691.21,183.99,76.462,76.655,0.03735,73.799,1
0.87275,0.27798,0.79612,0.97371,1.3797,0.6056,0.17427,0.33919,0.77583,0.69331,0.34129,0.012323,0.29158,0.29075,0.26318,0.11262,0.029341,0.080824,0.082377,0.11148,627.42,314.26,626.18,241.1,133.96,139.56,0.012961,127.22,1
0.72143,0.49423,0.43782,0.75095,1.3077,0.78839,0.46929,0.43867,0.8011,0.93866,0.48761,0.081544,0.54168,0.48816,0.59208,0.23812,0.050668,0.18084,0.20539,0.21158,562.29,272.8,531.36,287.44,196.01,1592.2,0.042701,249.29,0
0.93932,0.54548,0.60574,0.82016,0.9973,0.66791,0.29757,0.54226,0.88455,1.1427,0.39359,0.059542,0.4091,0.38986,0.39352,0.1471,0.037585,0.12947,0.13874,0.1408,561.65,319.37,648.6,239.33,166.93,734.72,0.028235,143.47,1
2.7181,0.94516,2.1558,3.006,2.9802,3.035,0.84829,2.429,3.197,3.2481,0.73564,0.19134,0.73163,0.85408,0.92201,0.31377,0.082714,0.25757,0.35353,0.35668,472.99,302.18,488.9,321.25,302.67,115.58,0.10196,234.58,0
3.5055,0.68493,2.9708,3.4285,3.9051,3.3154,0.61988,3.2184,3.2316,3.0212,0.62063,0.19222,0.54395,0.70159,0.70466,0.24266,0.081251,0.21326,0.26844,0.28663,600.31,300.17,615.3,343.19,208.52,16.791,0.063581,226.3,0
2.0374,0.4431,1.738,2.0681,2.205,1.791,0.25711,1.2708,1.4891,1.6174,0.29972,0.036654,0.35285,0.35315,0.39653,0.10552,0.031432,0.11143,0.10875,0.14564,605.4,312.52,546.77,318.93,126.05,426.76,0.066882,185.52,1
0.20213,0.21833,0.063797,0.22437,0.4837,0.20345,0.053144,0.044549,0.17765,0.1428,0.40907,0.0044019,0.31432,0.38313,0.31267,0.14272,0.034306,0.11172,0.12261,0.12937,660.61,347.04,693.78,163.52,71.257,101.44,0.057063,74.176,1
0.60396,0.16334,0.16198,0.51564,0.78138,0.38579,0.10273,0.25005,0.27848,0.43855,0.3708,0.0032118,0.27229,0.3147,0.30892,0.10851,0.017945,0.07863,0.091044,0.11256,667.44,358.06,699.1,215.47,113.7,37.967,0.10043,108.43,1
0.62715,0.24393,0.27876,0.55913,0.71041,0.38637,0.15888,0.25186,0.37784,0.42621,0.38688,0.012277,0.34287,0.43939,0.36692,0.15093,0.027052,0.12237,0.13778,0.12206,638.34,335.45,665.59,222.21,71.958,104.22,0.054139,99.987,1
0.30895,0.34883,0.062327,0.258,0.51937,0.20819,0.1741,0.068964,0.24682,0.29554,0.44086,0.010942,0.44399,0.44076,0.40883,0.18326,0.035805,0.18179,0.14638,0.17245,636.78,344.36,626.48,154.92,88.687,255.46,0.090038,108.36,1
1.5444,0.35905,1.2594,1.5115,1.5179,1.7524,0.28285,1.2683,1.5743,1.5039,0.40661,0.039403,0.40538,0.46786,0.4128,0.15799,0.030758,0.12646,0.14613,0.16073,558.68,331.37,593.09,312.25,173.62,291.38,0.036494,250.95,1
0.066968,0.17549,0.0030724,0.030563,0.1674,0.02592,0.061122,0.003115,0.022741,0.04475,0.44714,0.00032948,0.28776,0.38916,0.38978,0.14417,0.039716,0.11149,0.12328,0.1142,646.95,376.52,715,67.686,32.777,127.74,0.16701,44.075,1
0.54125,0.44513,0.35385,0.49707,0.83005,0.51212,0.22899,0.22904,0.74207,0.61587,0.48582,0.036044,0.50245,0.46715,0.48217,0.23195,0.041314,0.19738,0.18237,0.19284,551.14,337.15,540.46,191.41,161.42,2110.4,0.060425,314.75,1
1.9648,0.31048,2.0664,2,1.9502,1.5689,0.19568,1.8307,2.1092,1.6895,0.33679,0.029507,0.267,0.28907,0.24586,0.11331,0.03117,0.078495,0.081845,0.095439,579.83,333.68,620.37,275.93,178.5,139.72,0.085599,159.44,1
2.4479,0.88089,2.1406,2.4645,2.9085,2.9596,1.1874,1.8917,2.3415,3.6768,0.81206,0.16659,0.80241,0.89561,0.97569,0.33672,0.074781,0.33567,0.34598,0.37623,578.5,278.23,548.46,337.62,225.21,3.9128,0.1301,186.55,0
0.59345,0.32751,0.41252,0.54284,0.85731,0.46894,0.17557,0.20645,0.51839,0.63078,0.42472,0.033626,0.42899,0.37548,0.35302,0.1205,0.030939,0.14498,0.1476,0.14007,629.6,304.7,652.31,226.4,88.773,332.74,0.043534,99.554,1
2.926,1.2297,2.0648,2.2517,3.0462,2.3971,1.357,1.7665,2.5976,2.9597,0.49593,0.20006,0.35343,0.52527,0.6798,0.14832,0.080278,0.12602,0.21541,0.27396,565.63,245,487.5,289.5,259.9,421.39,0.089575,270.5,0
2.0078,0.97149,1.675,2.427,2.4147,2.1426,0.87142,1.3514,2.069,2.3983,0.60335,0.12428,0.47936,0.57684,0.60769,0.20676,0.059098,0.17074,0.18889,0.23323,545.47,304.66,506.37,287,252.55,642.49,0.047282,262.83,0
3.8904,0.85045,3.3915,3.9311,4.4078,4.0066,0.8506,3.7952,3.7148,4.5006,0.78726,0.19697,0.68825,0.7585,0.92121,0.26873,0.074078,0.21229,0.28736,0.3161,551.38,261.47,590.45,357.95,220.24,3.9579,0.029314,282.32,0
1.5887,1.4115,0.63211,1.335,2.3685,1.6778,1.7252,0.6295,1.3859,2.1691,0.70507,0.11345,0.63799,0.70361,0.79421,0.25083,0.061676,0.26019,0.30845,0.30652,456.4,286.58,429.73,289.88,291.15,2084.1,0.070979,326.68,0
1.9204,1.1842,1.1519,2.0352,3.3382,2.2667,1.826,1.243,1.7494,3.2081,0.72155,0.22491,0.66303,0.79332,0.91145,0.2743,0.10019,0.24789,0.3256,0.35504,575.03,260.14,531.79,314.21,232.41,53.678,0.05833,237.21,0
2.7038,0.99988,1.9486,2.5143,3.4428,2.5382,1.3391,1.5143,2.2637,3.2553,0.78173,0.20496,0.76692,0.8502,0.91028,0.31271,0.10096,0.28211,0.34676,0.38752,581.49,314.13,601.67,312.86,207.05,4.005,0.091824,209.12,0
3.4214,0.82089,3.321,3.4587,4.5032,3.9833,1.4503,3.1248,4.0954,4.8,0.8518,0.19481,0.81297,0.97535,1.0178,0.33741,0.072814,0.31817,0.33193,0.40729,605.35,310.38,662.7,412.48,132.51,0,0.14524,191.44,0
1.0012,0.45524,0.87424,1.6005,1.4096,0.69958,0.27482,0.8523,0.83012,1.2932,0.29708,0.035664,0.31637,0.29474,0.2624,0.1173,0.040498,0.074249,0.10144,0.12772,638.73,340.59,644.52,305.07,102.52,182.11,0.046173,115.34,1
1.5032,0.20599,1.042,1.6261,1.5598,1.0612,0.097538,1.2793,1.4594,1.1757,0.32454,0.021352,0.29939,0.33835,0.28179,0.099991,0.022626,0.081979,0.10014,0.10882,652.93,364.48,659.58,275.9,108.04,59.772,0.04985,115.18,1
0.84539,0.37753,0.61959,0.90379,0.97014,0.71874,0.19572,0.33503,0.66494,0.85471,0.35772,0.036805,0.29837,0.35783,0.28648,0.12031,0.034085,0.084668,0.12392,0.13341,658.25,359.48,681.38,183.49,106,74.471,0.058644,107.31,1
1.7491,0.60254,1.2444,1.654,1.9633,1.4164,0.53678,1.1933,1.8383,2.0811,0.42884,0.080186,0.4116,0.45502,0.46865,0.16177,0.053517,0.11733,0.17476,0.17459,556.12,284.89,584.76,290.73,218.53,450.81,0.065732,209.95,1
2.2907,0.43456,2.2473,2.3463,2.0749,1.9324,0.32777,2.5088,2.2116,2.0325,0.35344,0.052505,0.2978,0.36628,0.35209,0.1271,0.026193,0.10273,0.1167,0.13346,641.21,308.39,607.85,311.44,156.01,140.35,0.070052,154.57,1
1.042,1.0627,0.5827,0.98044,2.1547,1.1209,1.7835,0.46653,1.2606,2.2002,0.85433,0.14938,0.83718,0.89196,0.97164,0.35362,0.078224,0.32079,0.36543,0.40821,569.06,304.62,504.42,370.97,179.79,287.81,0.053538,216.47,0
1.2238,0.31676,0.89113,1.3345,1.1307,1.1788,0.26607,0.65151,1.1773,0.94282,0.36123,0.010867,0.30922,0.33405,0.30614,0.12431,0.036681,0.07505,0.093737,0.11638,639.37,307.87,654.82,280.19,161.87,105.04,0.18921,153.8,1
3.0755,0.96894,2.7764,3.0629,3.47,2.8735,0.96273,2.5576,3.0119,3.8896,0.4992,0.17144,0.47371,0.56375,0.62444,0.15971,0.057153,0.12338,0.17792,0.24581,532.99,300.15,570.12,349.93,242.07,111,0.05005,264.51,0
0.59748,0.20041,0.15907,0.60706,0.66972,0.29526,0.08998,0.13078,0.29234,0.50341,0.365,0.010226,0.29873,0.35211,0.29568,0.1204,0.024566,0.10401,0.10871,0.11727,640.11,347.82,682.8,183.79,75.389,82.27,0.05497,81.614,1
3.4199,1.4893,2.599,3.3234,4.5949,3.4465,1.6296,2.2404,3.3061,4.1915,0.70706,0.27577,0.58759,0.80601,0.91122,0.27566,0.1045,0.20595,0.27418,0.36036,604.86,297.52,618.49,335.42,212.49,4.9212,0.16932,236.39,0
1.6902,0.45592,1.3824,1.6104,1.8335,1.3407,0.37293,1.0677,1.2778,1.842,0.45131,0.085316,0.37763,0.47792,0.43052,0.12802,0.028423,0.14724,0.16199,0.14267,605.07,286.75,624.16,369.33,171.87,318.42,0.085344,181.28,1
0.31546,0.21059,0.082878,0.26493,0.60258,0.18609,0.1201,0.070474,0.17788,0.24616,0.40388,0.0065924,0.34732,0.3993,0.35943,0.12551,0.025553,0.11925,0.12805,0.1281,658.09,327.62,665.72,211.92,96.285,298.84,0.026258,117.06,1
0.17711,0.20588,0.028657,0.18401,0.23336,0.09899,0.056754,0.031802,0.095271,0.12725,0.38262,0.0051354,0.33114,0.37366,0.33599,0.14054,0.043794,0.12083,0.13574,0.13785,634.39,352.82,694.97,107.29,65.523,223.06,0.17446,69.306,1
2.8288,1.2757,2.3533,2.7122,3.9994,3.0746,1.796,1.9387,2.7626,4.1856,0.84303,0.23579,0.80108,0.95585,0.98791,0.32766,0.098825,0.28412,0.36409,0.41866,563.54,310.95,574.63,377.74,199.62,0.79871,0.12535,176.44,0
0.39903,0.25447,0.080706,0.22184,0.49528,0.22826,0.13441,0.066025,0.15231,0.24155,0.33378,0.0077601,0.29027,0.33639,0.25559,0.11482,0.041042,0.11981,0.14302,0.1312,623.02,347.92,694,116.25,91.716,137.7,0.059539,65.887,1
2.1945,0.44413,2.5766,2.4545,2.9308,3.1919,0.9553,1.7243,2.6498,2.9789,0.91749,0.15337,0.89791,1.0055,1.0455,0.37857,0.050427,0.3578,0.37817,0.43446,620.29,329.61,666.24,395.25,115.68,0.0002375,0.044219,136.42,0
0.93125,0.94983,0.54108,0.7284,1.4535,1.0421,0.76078,0.53881,1.2841,1.2011,0.51306,0.084304,0.63328,0.52825,0.55387,0.24918,0.04724,0.2045,0.23586,0.20754,483.95,238.68,464.68,259.43,226.04,2992,0.021329,294.77,0
2.1696,1.1375,1.5925,2.0214,3.2313,2.4967,1.3371,1.4853,2.1636,3.1163,0.75834,0.17293,0.74832,0.85361,0.91712,0.31043,0.078623,0.2942,0.32712,0.36512,543.27,314.76,510.79,296.58,212.92,72.027,0.039011,215.76,0
3.2483,0.88524,2.7205,3.3391,4.1018,3.1483,1.1381,2.7178,2.8833,3.7996,0.80497,0.21204,0.77898,0.90114,0.97044,0.31803,0.091723,0.29359,0.34856,0.40983,620.32,301.74,594.62,350.33,156.67,0.84977,0.10341,212.23,0
0.39378,0.41111,0.12907,0.36149,0.82437,0.21018,0.1325,0.10843,0.39636,0.46241,0.37933,0.0077789,0.33914,0.33821,0.37012,0.11707,0.025926,0.13097,0.11226,0.14281,643.07,326.21,634.88,243.07,82.142,186.95,0.079082,102.72,1
3.3014,1.6165,2.0729,3.3406,4.4908,3.1159,1.7627,2.0234,2.8851,4.2045,0.65435,0.24567,0.52665,0.72783,0.86929,0.20447,0.10068,0.151,0.26038,0.33098,587.67,288.68,523.52,336.75,234.75,28.982,0.11419,260.66,0
2.0386,0.28172,1.1945,1.9722,2.066,1.6094,0.18706,1.0699,1.5656,1.4727,0.41087,0.016265,0.31593,0.36711,0.32662,0.12953,0.021222,0.095249,0.099291,0.13339,651.39,320.63,666.05,353.02,101.2,117.96,0.028744,123.3,1
3.2074,1.7249,2.0256,3.1756,4.4421,2.7116,1.9589,1.437,2.5155,4.4311,0.67427,0.26661,0.64849,0.80954,0.8683,0.23547,0.10299,0.19824,0.30907,0.36673,595.89,314.93,626.84,303.54,132.5,11.618,0.13123,183.24,0
2.9273,1.1214,2.4405,3.0268,4.049,2.9766,1.3257,2.3401,2.8777,3.9151,0.77052,0.19284,0.74182,0.88775,0.9326,0.28266,0.072058,0.28152,0.33077,0.34961,563.02,272.22,533.14,365.74,204.73,78.418,0.063415,226.25,0
0.96416,0.65254,0.66446,1.3778,1.1068,1.1658,0.56892,0.97679,1.1213,1.0479,0.44725,0.062152,0.44094,0.43025,0.51753,0.15034,0.038838,0.18017,0.16908,0.16991,519.93,324.43,454.77,295.96,173.66,1124.3,0.08828,250.07,1
3.6285,1.1287,2.6762,3.579,4.4937,3.5485,1.1135,2.6797,3.1456,3.9252,0.70385,0.23461,0.64321,0.8165,0.92832,0.29226,0.099108,0.20588,0.31234,0.34398,600.47,319.15,635,323.87,129.33,4.6575,0.079289,183.75,0
0.11206,0.15573,0.0077222,0.060913,0.1685,0.04001,0.033592,0.0065492,0.027907,0.073661,0.41022,0.0011481,0.32706,0.40697,0.30559,0.15026,0.046461,0.13226,0.15314,0.17935,674.92,374.13,697.95,77.297,48.248,65.586,0.098275,39.527,1
3.6525,1.3293,3.2512,3.6585,4.4946,3.7068,1.2748,2.8978,3.2939,4.2243,0.77366,0.25886,0.63452,0.9022,0.96742,0.28465,0.11174,0.22711,0.32814,0.38034,572.23,304.34,633.98,346.84,150.47,0.34984,0.040539,198.79,0
0.24855,0.22109,0.14561,0.3211,0.43277,0.29094,0.074263,0.14202,0.18023,0.34821,0.42524,0.0071761,0.32524,0.39885,0.35767,0.13501,0.017461,0.10672,0.12555,0.13749,634.34,346.5,637.38,209.07,89.178,264.91,0.036006,115.2,1
0.38949,0.12639,0.11146,0.29566,0.3827,0.19491,0.069269,0.10092,0.21265,0.27683,0.40792,0.0035737,0.31643,0.36281,0.31049,0.133,0.022437,0.11563,0.11502,0.12307,678.96,353.27,693.83,193.45,77.822,76.346,0.10831,75.414,1
2.8986,0.99951,2.506,3.0856,4.1267,3.1235,1.7006,1.9449,2.6998,4.2715,0.85471,0.22955,0.82501,0.9613,1.0096,0.32663,0.082742,0.29767,0.34699,0.4249,619.91,285.94,690.67,423.39,107.48,0.0002375,0.081899,184.15,0
2.0858,0.60568,1.4284,1.6032,1.9396,1.6148,0.59298,1.5997,1.5536,1.8469,0.69982,0.087969,0.70271,0.73899,0.81944,0.30597,0.054019,0.29538,0.31893,0.28012,562.88,296.26,535.1,321.56,251.49,853.16,0.029248,265.87,0
0.15719,0.21053,0.020133,0.11332,0.27237,0.090241,0.037805,0.01337,0.085385,0.089065,0.41697,0.0015267,0.35751,0.44444,0.4234,0.14263,0.022794,0.11323,0.11695,0.13926,645.28,355.69,646.09,164.15,59.824,163.5,0.17538,56.592,1
1.8404,1.2474,0.81802,1.9873,3.1496,1.8607,1.7626,0.87778,1.4539,2.7139,0.73155,0.1664,0.6872,0.7548,0.82004,0.28207,0.08935,0.25595,0.33085,0.29712,574.8,286.41,487.79,307.24,227.19,1166.9,0.038268,248.42,0
0.85096,0.48759,0.37525,0.73824,1.2728,0.66816,0.39391,0.34856,0.70103,0.90407,0.40944,0.047749,0.41858,0.42703,0.48361,0.15484,0.043282,0.14697,0.17698,0.18294,564.03,260.42,561.74,264.97,157.82,808.44,0.024101,178.63,1
0.39572,0.31001,0.10037,0.31213,0.59881,0.22163,0.16637,0.067779,0.268,0.30933,0.43764,0.017438,0.4029,0.40736,0.37554,0.1648,0.039462,0.13295,0.14973,0.17362,611.74,342.03,666.65,161.52,115.5,198.51,0.09339,99.908,1
3.0824,1.6917,2.1485,2.6668,4.3716,3.0803,1.8933,1.1764,2.6215,4.3924,0.83801,0.27166,0.74615,0.93147,1.0085,0.27295,0.10109,0.29661,0.32294,0.39092,621.47,300.71,641.78,402.09,222.1,3.7516,0.16686,200.47,0
1.7667,0.58651,1.3541,1.0554,1.9861,1.4878,0.59437,1.9497,2.0549,1.49,0.64869,0.059983,0.67941,0.57041,0.66568,0.28474,0.03602,0.24034,0.23317,0.25811,548.16,267.18,433.99,335.12,221.81,2241,0.030757,259.26,0
0.59661,0.18966,0.28888,0.5486,0.78933,0.34514,0.12561,0.33135,0.44814,0.37078,0.42658,0.014717,0.36762,0.42598,0.33426,0.13825,0.043295,0.13315,0.14212,0.1503,619.52,321.85,658.78,188.53,69.442,165.82,0.067145,86.411,1
2.073,1.3763,0.94387,1.7279,3.222,1.8082,1.662,0.89091,1.7352,2.4923,0.73577,0.19718,0.75246,0.84411,0.85612,0.32453,0.095754,0.28814,0.34237,0.36237,541.44,256.16,453.67,308.92,212.4,508.28,0.045124,269.5,0
0.20122,0.25343,0.046635,0.15687,0.33922,0.1467,0.082472,0.054437,0.16385,0.20418,0.32893,0.0036072,0.27037,0.29946,0.26189,0.10978,0.021616,0.11,0.1103,0.11002,640.76,357.88,667.72,138.17,69.742,116.32,0.040023,71.216,1
2.8199,1.0296,2.3204,3.0063,3.9807,2.5782,1.3509,1.952,2.5517,3.613,0.79296,0.21738,0.72215,0.89193,0.92126,0.3227,0.095341,0.30402,0.33625,0.37363,599.14,311.34,558.78,323.42,195.92,9.9938,0.094822,199.61,0
0.63045,0.27804,0.23673,0.5015,0.74831,0.41922,0.17248,0.28001,0.43401,0.48641,0.39606,0.018698,0.32923,0.37009,0.33282,0.14056,0.024222,0.14063,0.11606,0.11719,627.78,329.7,670.2,178.42,112.24,142.81,0.066602,77.215,1
2.2568,0.85481,1.6543,2.0012,2.5753,1.8659,0.8081,1.4361,1.7266,2.5145,0.42191,0.10128,0.38619,0.45725,0.48368,0.14119,0.056077,0.1237,0.15368,0.16614,585.48,312.11,578.76,270.54,196.58,171.78,0.060519,190.94,1
0.29572,0.423,0.13585,0.31106,0.5154,0.3049,0.23272,0.13108,0.33201,0.45808,0.406,0.01977,0.39878,0.38968,0.3145,0.15703,0.024976,0.14361,0.14926,0.13066,566.43,314.61,639.11,205.01,119.19,750.76,0.076888,163.13,1
2.3863,1.0608,1.8423,2.5449,3.6132,2.9307,1.5846,1.5161,2.3244,3.539,0.87906,0.23532,0.85749,0.98514,1.0263,0.35161,0.093272,0.31969,0.36607,0.4243,616.5,318,660.73,398.66,134.75,0.005795,0.071312,163.75,0
0.83997,0.34604,0.49278,0.79151,0.89886,0.85933,0.38977,0.61539,0.65466,0.88146,0.41919,0.028706,0.41598,0.41131,0.44779,0.14971,0.024744,0.15265,0.15172,0.14146,530.5,268.86,572.06,326.81,158.2,758.2,0.020472,220.99,1
3.0952,0.901,2.4865,3.3104,4.0537,3.1592,0.7568,2.2622,2.7427,3.3164,0.82759,0.23033,0.72045,0.91599,0.95605,0.29789,0.10285,0.27286,0.34163,0.37615,575.66,292.18,609.52,298.09,195.38,8.4441,0.043819,173.34,0
0.81891,0.48133,0.4879,1.0658,0.98919,0.54262,0.31425,0.45597,0.77759,0.87052,0.39882,0.024045,0.36064,0.42424,0.40372,0.13039,0.033696,0.11906,0.15623,0.12995,511.85,300.19,609.75,225.1,141.6,492.98,0.12734,183.49,1
1.4512,0.25615,1.2495,1.6905,1.4546,1.1666,0.14335,1.0117,0.9732,1.0394,0.35249,0.0315,0.30721,0.37798,0.33087,0.11921,0.02661,0.093047,0.11263,0.10684,656.33,316.07,624.44,295.82,76.567,117.53,0.059978,111.43,1
3.0156,1.4105,1.5141,2.755,3.8118,2.7142,1.2847,1.6448,2.1823,3.8274,0.48518,0.25316,0.37447,0.63429,0.75809,0.19529,0.1026,0.12857,0.23195,0.27015,580.52,301.32,546.61,308.06,212.18,217.69,0.093387,217.05,0
3.2558,0.93049,2.1881,3.0005,3.4673,2.7989,0.93111,2.3453,2.3899,3.2968,0.69422,0.15547,0.67528,0.72612,0.7194,0.24493,0.081341,0.23882,0.26597,0.30639,494.94,294.58,470.66,307.94,267.6,395.26,0.10698,330.31,0
3.0725,1.0766,2.3631,2.9188,3.6864,3.0385,1.0311,2.0066,2.8556,3.1937,0.66529,0.23828,0.59154,0.77574,0.78524,0.27208,0.095948,0.19678,0.28529,0.28476,563.11,283.22,514.57,307.46,158.39,110.63,0.0482,252.57,0
3.2684,1.1362,2.5193,3.0276,3.9704,3.2969,1.181,1.9731,3.0719,3.9084,0.75349,0.23447,0.63773,0.81604,0.89224,0.27542,0.086868,0.23517,0.29947,0.34377,523.07,285.71,586.87,305.3,220.35,103.38,0.044533,224.12,0
0.70499,0.15791,0.27486,0.69686,0.82648,0.50601,0.04816,0.31279,0.37162,0.54206,0.33796,0.0036925,0.27165,0.32653,0.29875,0.090011,0.024993,0.07063,0.09285,0.094535,673.74,364.36,683.04,230.06,93.323,27.169,0.096585,76.033,1
1.6509,0.86599,0.81594,1.2039,1.873,1.1722,0.72249,1.0404,1.423,1.2157,0.54226,0.092664,0.63929,0.58462,0.60067,0.25161,0.053971,0.19799,0.26642,0.27529,559.15,290.26,506.37,288.24,239.12,1497.7,0.041979,308.25,0
3.1484,0.99553,2.5477,2.8985,3.8022,3.4952,1.3025,2.711,3.2425,3.8097,0.81679,0.18717,0.79329,0.84213,0.94092,0.3253,0.07418,0.27514,0.35913,0.38986,588.71,333.49,594.68,347.14,198.68,0.72238,0.034371,202.68,0
2.5526,1.4939,1.4834,2.5911,3.9093,2.5728,1.6945,1.0972,2.3343,3.5222,0.8152,0.24741,0.76198,0.88141,0.93426,0.29975,0.11193,0.26798,0.35491,0.39951,534.71,299.37,573.87,340.49,206.69,137.39,0.082979,185.64,0
0.75402,0.17586,0.24436,0.62886,0.77922,0.55708,0.071647,0.28982,0.33496,0.49653,0.47073,0.0037101,0.37652,0.36546,0.32143,0.14401,0.01742,0.13546,0.10827,0.13826,625.32,325.13,606.75,265.04,103.36,298.13,0.067702,118.69,1
0.28873,0.14783,0.052323,0.17708,0.44016,0.24082,0.064433,0.059412,0.20231,0.18968,0.45176,0.0029394,0.39645,0.41999,0.36338,0.14566,0.031491,0.13336,0.12957,0.14606,640.98,361.29,686.75,119.57,60.414,102.82,0.040877,84.464,1
0.34065,0.22639,0.15352,0.32687,0.64572,0.28138,0.17101,0.17998,0.25905,0.42072,0.36264,0.016152,0.34891,0.3727,0.35911,0.13632,0.033517,0.12829,0.13747,0.1336,616.65,338.49,636.09,167.51,73.377,271.56,0.14989,92.946,1
0.26386,0.27404,0.093055,0.32697,0.4078,0.16191,0.091405,0.051314,0.13861,0.24391,0.4003,0.0089216,0.34751,0.38648,0.31153,0.11891,0.038832,0.12036,0.12801,0.11074,614.19,337.11,655.11,134.27,84.97,216.15,0.048145,106.04,1
1.1034,0.28303,0.90899,1.3348,1.0773,1.1157,0.17475,0.78094,1.087,1.2413,0.32665,0.024591,0.31035,0.35311,0.31722,0.12536,0.034227,0.099483,0.11176,0.12036,606.88,331.95,642.81,245.94,137.22,146.79,0.08037,165.16,1
1.5554,1.2066,0.92704,1.2605,2.6503,1.8731,1.4104,0.87257,1.5217,2.483,0.8487,0.17951,0.82456,0.89304,0.95913,0.33588,0.086833,0.31472,0.35616,0.40654,480.94,307.82,484.32,304.76,248.32,948.08,0.033092,241.87,0
1.4861,0.46969,1.3676,1.9212,2.3089,1.5998,0.26403,1.5785,1.6664,1.4416,0.36996,0.05008,0.31306,0.38915,0.41779,0.13437,0.03875,0.12687,0.13561,0.11382,621.94,322.99,581.29,345.53,167.86,234.55,0.051205,164.72,1
2.1367,0.47607,1.9548,2.2438,2.1341,1.6157,0.37955,1.7174,1.9318,2.047,0.36943,0.080036,0.34286,0.37355,0.30235,0.12775,0.052548,0.092821,0.12521,0.12922,602.83,302.66,546.88,270.87,150,204.9,0.045113,148.48,1
2.5861,0.76504,1.7784,2.3439,2.9716,2.1177,0.92788,1.601,2.4295,2.4699,0.75847,0.17127,0.65291,0.76565,0.87245,0.30048,0.089579,0.24217,0.31428,0.32823,584.34,278.56,555.16,333.41,189.14,133.34,0.021516,190.59,0
0.49826,0.26652,0.13949,0.30164,0.74799,0.24827,0.18464,0.12767,0.28068,0.31764,0.38837,0.010932,0.40263,0.39152,0.34496,0.12643,0.018165,0.11745,0.11549,0.13877,618.67,320.01,634.68,218.97,91.739,210.72,0.054728,88.809,1
0.27536,0.39333,0.070228,0.22121,0.65125,0.14186,0.17884,0.058817,0.14945,0.1934,0.43321,0.012347,0.39856,0.45965,0.32434,0.15319,0.042885,0.11977,0.16126,0.14966,630.66,326.59,679.73,110.21,94.479,308.3,0.19768,81.21,1
0.6528,0.4123,0.18402,0.46924,0.80242,0.48582,0.11394,0.24734,0.42802,0.58442,0.42706,0.01331,0.36226,0.43334,0.36339,0.14215,0.024549,0.1107,0.1365,0.157,624.78,356.92,615.92,259.58,94.698,374.82,0.043596,147.48,1
1.4323,0.78024,0.67061,0.98308,1.9148,1.138,0.78069,0.60684,1.109,1.4067,0.54906,0.097118,0.51197,0.60263,0.68117,0.25525,0.036956,0.16883,0.22483,0.16451,472.22,306.41,502.74,304.33,196.1,1584.6,0.071983,304.68,0
0.379,0.46401,0.16684,0.39267,0.98315,0.38751,0.31221,0.14606,0.3417,0.53576,0.41195,0.024717,0.44022,0.39393,0.33998,0.14971,0.019895,0.16237,0.15385,0.14623,567.23,324.48,645.43,224.63,145.12,414.73,0.063101,128.27,1
2.5843,0.89416,2.1194,2.5691,2.687,2.2979,0.64592,2.5999,2.2239,2.9273,0.51053,0.15213,0.38911,0.54318,0.62484,0.17842,0.062678,0.12971,0.17714,0.18698,497.67,272.71,527.5,337.19,210.19,273.31,0.024191,167.5,1
0.72613,0.65861,0.52035,0.94703,1.0784,0.48846,0.38418,0.47492,0.66676,0.93758,0.36694,0.04482,0.36587,0.41492,0.3827,0.10252,0.033225,0.1227,0.12378,0.14612,591.67,301.19,589.73,313.17,132.35,1138.9,0.14196,164.08,1
0.66488,0.27234,0.31403,0.70658,0.81632,0.45847,0.12113,0.31891,0.4315,0.47305,0.40419,0.013533,0.3439,0.33595,0.29662,0.11402,0.021104,0.11335,0.10688,0.12297,669.83,337.09,675.61,193.9,78.199,137.03,0.050266,90.614,1
3.8895,1.8811,2.7346,3.7918,4.9215,3.9253,2.0683,2.5535,3.2617,4.8703,0.72871,0.2558,0.56556,0.85701,0.91009,0.26015,0.11299,0.21323,0.27671,0.33363,537.27,283.62,605.46,348.09,243.61,3.1292,0.055534,254.76,0
1.6906,1.0699,1.3622,1.6027,2.2018,2.0471,0.71813,1.1787,1.6159,2.1075,0.53388,0.11921,0.55992,0.58043,0.61136,0.19536,0.058107,0.20617,0.23615,0.22763,535.58,309.52,509.42,292.54,132.41,1047.2,0.066089,220.51,0
2.8881,0.76871,2.5678,3.236,3.7454,3.3887,1.0311,2.4938,3.0077,3.701,0.77459,0.17793,0.69772,0.83513,0.911,0.30244,0.08478,0.27524,0.29976,0.33182,588.38,315.79,598.94,337.91,213.21,18.518,0.06144,242.62,0
0.18928,0.23003,0.025624,0.092735,0.30298,0.081719,0.074106,0.016068,0.088216,0.13278,0.43263,0.0024377,0.33383,0.39601,0.34429,0.15702,0.023,0.1168,0.097894,0.121,626.42,317.84,713.17,120.39,86.073,133.51,0.14265,69.637,1
3.1037,1.1895,2.7353,3.1795,4.2166,3.0192,1.6947,2.1022,2.9208,3.996,0.89151,0.23354,0.80568,0.97245,1.0007,0.33335,0.095023,0.3155,0.36736,0.42623,589.32,258.92,572.32,348.66,164.65,2.8533,0.038998,246.54,0
0.84909,0.68522,0.24872,0.87797,1.1718,0.83986,0.30797,0.47167,0.92123,1.1388,0.46312,0.042081,0.50391,0.43781,0.47356,0.19379,0.031618,0.14919,0.18099,0.18463,530.12,305.59,491.23,263.12,165.84,1399.6,0.08757,238.02,1
1.7312,0.27664,2.0635,1.9189,1.5245,1.5212,0.17146,1.5142,1.4834,1.4677,0.30891,0.041601,0.28699,0.31621,0.29553,0.085486,0.023822,0.07698,0.10652,0.10509,578.15,324.12,637.28,258.06,127.28,69.87,0.093317,113.95,1
2.8895,1.3137,1.9193,2.7034,3.9707,2.9152,1.438,1.912,2.5808,3.4436,0.7138,0.21445,0.75322,0.85855,0.87672,0.30187,0.087713,0.29127,0.32718,0.36414,563.85,309.99,566.68,300.36,220.99,38.628,0.04014,236.77,0
1.0095,0.38335,0.7777,0.94799,1.4499,0.93662,0.31975,0.48932,0.84688,0.95511,0.43527,0.030821,0.39697,0.37582,0.40393,0.15795,0.036331,0.13395,0.13598,0.13003,581.36,310.75,585.24,236.65,172.11,430.84,0.030175,148.77,1
0.38013,0.21734,0.17132,0.48263,0.6024,0.34604,0.093427,0.17316,0.31518,0.30021,0.38869,0.0073197,0.34033,0.35397,0.33881,0.12747,0.018511,0.10257,0.12296,0.11824,650.57,344.89,680.45,251.21,103.77,105.84,0.081409,109.91,1
0.32556,0.36298,0.10886,0.20299,0.44966,0.23566,0.16634,0.060307,0.22444,0.29912,0.46444,0.0092583,0.41903,0.48088,0.34921,0.18243,0.028518,0.17768,0.15416,0.18296,572.64,321.5,589.82,201.16,107,665.22,0.033382,144.71,1
0.34866,0.22489,0.10106,0.28597,0.43346,0.24009,0.11127,0.092026,0.21488,0.42672,0.39105,0.015903,0.37307,0.34586,0.37644,0.13966,0.028942,0.14432,0.13861,0.12684,625.27,344.68,671.51,117.53,71.008,459.64,0.056796,109.23,1
1.9411,0.38244,2.1002,2.2091,2.4329,1.9203,0.83422,1.222,2.1752,2.3283,0.9189,0.12476,0.91895,0.98866,1.0247,0.38111,0.053712,0.36715,0.38183,0.4381,607.91,285.09,566.96,384.8,191.06,0.061441,0.0875,204.63,0
2.7626,0.78397,2.0484,2.6153,3.7152,3.2174,0.83088,2.0886,2.7164,3.1194,0.82616,0.15506,0.80079,0.89991,0.87056,0.30909,0.06774,0.31575,0.32284,0.33588,592.52,297.56,582.75,372.05,253.71,56.143,0.035944,221.66,0
0.43086,0.32189,0.23098,0.45711,0.64489,0.39874,0.12867,0.20613,0.28239,0.37926,0.39973,0.019655,0.39847,0.40868,0.38965,0.13722,0.032544,0.13111,0.14917,0.14506,614.36,301.5,676.47,247.93,87.511,492.55,0.037138,99.519,1
0.8518,0.53148,0.42244,0.68589,1.1255,0.62686,0.14884,0.3276,0.75527,0.85859,0.3422,0.018246,0.38594,0.37297,0.3684,0.14594,0.03023,0.11193,0.11623,0.15661,623.55,318.48,622.32,246.03,150.33,370.27,0.087101,147.63,1
3.524,0.98245,2.8684,3.3531,4.101,3.6888,0.94559,2.7933,3.6928,4.2152,0.78809,0.21455,0.71266,0.90104,0.9647,0.32126,0.077805,0.27538,0.31773,0.3605,632.64,308.21,653.47,318.73,181.8,3.8613,0.055737,195.46,0
0.20518,0.23529,0.046737,0.20524,0.43398,0.13794,0.097538,0.040988,0.17647,0.17908,0.39965,0.0067753,0.36483,0.34845,0.34431,0.15113,0.045385,0.11389,0.13071,0.13395,621.68,360.76,699.71,69.163,52.194,162.13,0.091156,65.766,1
3.9262,1.9484,3.3301,4.0796,5.2193,4.2254,2.2377,2.5467,3.835,5.1545,0.66767,0.31673,0.52353,0.84755,0.9106,0.18935,0.12743,0.13899,0.25525,0.34296,553.33,305.82,670.81,329.61,155.37,0.11649,0.098209,167.34,0
0.87513,0.26029,0.58398,1.1513,0.81809,0.76378,0.12759,0.62047,0.75487,0.82488,0.37817,0.019967,0.31096,0.27117,0.31051,0.12317,0.026322,0.11353,0.10335,0.12079,617.95,334.02,652.88,216.87,135.54,248.19,0.06851,126.83,1
0.19113,0.26479,0.047667,0.16027,0.39215,0.16174,0.11337,0.036069,0.13998,0.13322,0.37794,0.010956,0.37832,0.37373,0.34444,0.14341,0.035985,0.12622,0.14599,0.1353,570,331.96,680.94,111.2,123.18,554.73,0.052764,116.79,1
1.3301,0.50634,0.87924,1.1426,1.2351,1.295,0.49616,0.68799,1.3447,1.51,0.47287,0.065122,0.42519,0.48709,0.44735,0.15184,0.031716,0.1354,0.15974,0.16163,601.98,299.15,623.12,288.71,124.94,561.92,0.061568,187.77,1
3.009,0.76412,2.2233,2.9929,3.4159,3.1261,1.2269,2.3379,2.7042,3.8441,0.82787,0.1689,0.80497,0.90974,0.9819,0.32406,0.08515,0.30853,0.34425,0.39187,587.24,307.61,539.76,362.45,222.67,2.1182,0.049089,258.23,0
0.63919,0.16202,0.28709,0.69755,0.69631,0.31785,0.07807,0.33787,0.41773,0.48048,0.34635,0.0061378,0.29875,0.3063,0.27544,0.12183,0.029029,0.10636,0.10152,0.11712,650.39,346.49,621.03,175.12,95.813,75.097,0.16725,96.433,1
1.3226,0.34519,0.99916,1.2324,1.4627,1.0907,0.21116,0.52461,1.0944,1.4587,0.30724,0.026556,0.34332,0.29213,0.27694,0.131,0.023022,0.0878,0.086185,0.11105,616.54,359.94,661.63,235,139.44,316.14,0.073029,146.5,1
1.3181,0.98768,0.81957,1.1329,2.1201,1.3263,1.3396,0.64576,1.287,2.0541,0.74788,0.15226,0.71135,0.80747,0.85894,0.2889,0.073743,0.26769,0.33025,0.36351,477.69,290.22,509.05,294.29,224.49,792.6,0.04186,240.01,0
1.6452,0.8107,1.05,1.7336,2.3801,1.8387,0.99382,1.4823,1.9367,2.7663,0.78709,0.1601,0.76106,0.81892,0.92608,0.33469,0.069201,0.31027,0.35025,0.38164,551.98,289.41,482.29,340.79,218.71,1486.9,0.041607,217.51,0
3.8023,1.0689,2.9418,3.6953,4.5145,3.7817,1.9202,2.5623,3.5565,4.8112,0.87286,0.21894,0.78437,0.95933,1.0085,0.32745,0.074618,0.32697,0.333,0.40243,607.26,312.65,611.41,378.84,171.64,0.08493,0.1076,201.31,0
2.6456,1.4912,1.6349,2.6845,3.9531,3.1834,2.1593,1.4115,2.4838,4.3313,0.82664,0.24108,0.76329,0.93879,1.0011,0.30693,0.10383,0.28344,0.35743,0.40542,575.96,303.3,593.35,367.14,173.37,0.2185,0.064278,203.16,0
0.51027,0.60467,0.18031,0.58304,0.85268,0.38068,0.4675,0.14472,0.50717,0.79168,0.35194,0.024421,0.37819,0.38472,0.32749,0.15004,0.028048,0.12518,0.12447,0.13765,567.96,320.93,602.46,219.98,149.99,995.34,0.060451,196.29,1
2.6016,1.5758,1.4002,2.6361,3.8369,2.3818,1.7388,1.3977,2.0899,3.4545,0.7262,0.24772,0.64655,0.84218,0.91143,0.26812,0.091101,0.23881,0.31099,0.35414,581.43,319.92,572.89,324.74,168.57,54.213,0.065311,228.4,0
1.3234,0.74465,0.66741,0.82572,1.7198,1.2746,1.0588,0.6314,1.2026,1.4578,0.61072,0.12935,0.57191,0.67186,0.71786,0.25961,0.058471,0.24493,0.29256,0.28965,479.59,264.05,485.35,334.53,212.31,1811.1,0.067239,306.72,0
2.286,1.1974,1.6928,2.2992,3.4484,2.1544,1.1799,1.5694,2.1409,2.9278,0.75713,0.17233,0.7303,0.82975,0.91456,0.27556,0.070337,0.25772,0.31548,0.33719,494.58,298.56,545.03,346.76,208.45,340.14,0.017399,250.22,0
0.74556,0.36259,0.33887,0.55371,0.86964,0.3467,0.25379,0.16245,0.40688,0.68587,0.33662,0.016274,0.31343,0.33905,0.33428,0.11627,0.032632,0.10661,0.1193,0.1175,650.69,353.07,676.98,202.45,114.5,147.89,0.075226,96.01,1
2.8192,1.0017,2.4172,2.9263,4.0599,2.8836,1.4784,1.6589,2.44,3.6199,0.86709,0.22346,0.78807,0.9784,1.004,0.32105,0.098216,0.28857,0.35605,0.41184,591.07,316.09,628.09,366.93,137.56,0.24439,0.053207,145.27,0
3.2155,2.1671,2.086,2.8068,4.5014,2.7949,2.1834,0.94605,2.5282,4.613,0.64386,0.30117,0.51479,0.80765,0.88321,0.18636,0.10024,0.16736,0.27302,0.37491,604.11,283.98,613.12,355.5,181.2,91.543,0.08385,208.39,0
1.5719,0.41036,1.608,1.5954,1.8169,1.3612,0.28578,1.6176,1.7178,1.8919,0.38387,0.047194,0.30592,0.34039,0.25892,0.1018,0.029055,0.084434,0.13269,0.13733,589.85,277.46,644.96,306.05,148.91,411.34,0.033704,139.13,1
0.55376,0.48883,0.23455,0.53018,0.92119,0.68741,0.36343,0.30074,0.83958,0.76114,0.44807,0.03824,0.46282,0.40928,0.39054,0.16934,0.028366,0.15939,0.15026,0.1648,572.79,324.87,592.44,222.43,123.85,650.61,0.087115,144.62,1
0.14813,0.27502,0.026985,0.13439,0.286,0.10688,0.10461,0.02316,0.11342,0.18998,0.402,0.0048449,0.34917,0.44224,0.3173,0.14853,0.031634,0.12393,0.14438,0.17381,562.46,346.2,684.64,97.705,76.912,449.2,0.060306,80.283,1
1.2468,0.6845,0.61393,1.1875,1.5366,1.2064,0.60229,0.8305,1.2337,1.2314,0.45752,0.060758,0.46614,0.52458,0.48572,0.19654,0.050492,0.16649,0.20417,0.15664,561.37,327.79,523.28,219.9,185.71,945.82,0.030693,236.17,1
2.3262,1.2096,1.8605,1.9977,2.7476,2.6088,1.4063,1.492,2.132,3.3499,0.58789,0.18767,0.42389,0.71792,0.73317,0.22829,0.096841,0.16751,0.26307,0.28987,575.45,288.41,474.38,291.65,174.66,130.43,0.077892,170.01,0
2.1217,0.52307,1.7105,2.3669,2.4648,2.04,0.46879,2.0898,2.0194,2.3626,0.49782,0.112,0.33395,0.50791,0.5331,0.14309,0.039448,0.11336,0.16486,0.16625,547.79,329.2,609.1,343.96,170.33,446,0.04006,204.89,1
2.0187,0.43549,1.7295,2.1402,2.0598,1.8514,0.34075,1.8676,2.1543,2.2214,0.43042,0.04828,0.39029,0.44631,0.36633,0.15677,0.042876,0.11533,0.13561,0.18156,588.46,308.75,581.35,342.79,157.68,314.78,0.046127,236.6,1
1.4059,0.66971,0.94292,1.6206,2.0841,1.4486,0.62603,1.0767,1.3192,1.8318,0.74063,0.10138,0.75553,0.72974,0.82904,0.28814,0.060807,0.28093,0.32882,0.34859,502.88,276.67,427.46,312.8,292.88,2574.3,0.030187,271.82,0
0.31529,0.39021,0.031303,0.21825,0.57874,0.15075,0.19206,0.034266,0.18452,0.36044,0.39501,0.0058134,0.3296,0.35857,0.33895,0.12904,0.03863,0.1283,0.10457,0.14411,656.53,350.73,688.52,190.47,64.867,240.89,0.13038,103.98,1
3.4175,1.8764,2.3479,3.5895,4.7293,3.6259,2.0267,1.8823,3.1663,4.3287,0.75435,0.30267,0.56521,0.87764,0.94574,0.2889,0.12797,0.16911,0.2612,0.35645,605.59,282.02,606.1,371.02,145.71,8.0459,0.11382,175.01,0
2.8634,1.524,2.0897,3.1702,4.3548,2.9576,1.9899,1.6361,2.6463,4.2777,0.84593,0.25929,0.74345,0.92371,1.0084,0.29382,0.10833,0.27125,0.34045,0.40771,601.83,311.51,606.11,375.62,188.94,0.10037,0.10283,180.84,0
0.89553,0.58625,0.582,1.0739,1.0962,0.55381,0.34397,0.3602,0.70415,1.1372,0.38805,0.048137,0.33425,0.32722,0.29964,0.12312,0.035203,0.12607,0.10878,0.15452,566.3,301.61,654.89,230.55,164.11,512.68,0.021753,160.13,1
0.086371,0.12211,0.0062812,0.047365,0.22585,0.065571,0.057072,0.0067982,0.039313,0.057952,0.45745,0.0023242,0.3897,0.43795,0.40099,0.14709,0.04311,0.12852,0.15091,0.13742,666.35,344.31,718.91,85.46,48.391,147.04,0.083826,51.601,1
0.64395,0.20406,0.34738,0.65132,0.83758,0.37223,0.10959,0.23822,0.38876,0.41904,0.34912,0.0097577,0.31107,0.33734,0.27357,0.11318,0.031676,0.08033,0.11416,0.12399,674.59,343.53,673.98,196.08,67.042,47.461,0.080599,69.82,1
0.56012,0.4772,0.28304,0.48216,0.64446,0.34821,0.35646,0.18787,0.43231,0.59544,0.42018,0.0539,0.3634,0.38734,0.38675,0.11958,0.040924,0.12163,0.15411,0.15588,614.07,295.27,613.39,182.42,130.95,541.75,0.10642,158.38,1
2.8355,1.3411,2.1292,2.7373,3.9754,2.8094,1.875,1.888,2.5448,3.9477,0.81962,0.25288,0.6849,0.89573,0.96635,0.26113,0.10947,0.24166,0.34061,0.38204,562.36,300.48,595.65,345.84,187.98,4.9721,0.029442,182.27,0
1.1722,0.42057,0.92002,1.5438,1.4448,1.325,0.22942,0.79718,1.0822,1.2873,0.39442,0.055082,0.36375,0.3371,0.37091,0.11049,0.035331,0.090024,0.12337,0.11583,612.89,353.12,664.77,247.15,143.47,236.42,0.044477,90.178,1
2.3806,0.87953,1.8821,2.0022,3.1022,2.4237,1.1204,1.8857,2.4377,3.1849,0.82223,0.18194,0.7946,0.93709,0.96711,0.32876,0.067004,0.31407,0.35991,0.37322,573.14,276.41,507.88,383.16,175.18,69.728,0.066179,192.55,0
0.60822,0.27545,0.25108,0.53582,0.73429,0.52665,0.1846,0.22931,0.50168,0.63521,0.43783,0.018643,0.39958,0.3866,0.3709,0.13329,0.028515,0.13479,0.13456,0.17356,556.71,294.37,622.45,277.87,107.87,341.75,0.061669,134.33,1
3.4662,1.3949,2.587,3.595,4.1688,3.1245,1.3896,2.0329,3.0953,4.0381,0.75542,0.26136,0.7843,0.90615,0.96751,0.31673,0.091966,0.28395,0.33028,0.39171,622.6,325.96,627.43,343.16,227.61,1.8477,0.082684,255.75,0
0.24131,0.13513,0.038797,0.15801,0.36137,0.11722,0.048527,0.034436,0.078953,0.18987,0.46877,0.0035866,0.31971,0.40812,0.32017,0.14346,0.023419,0.13877,0.11711,0.12868,668.25,349.7,673.18,167.66,40.792,124.47,0.076895,34.309,1
0.32104,0.89674,0.084414,0.34694,0.61241,0.2126,0.89812,0.079574,0.26192,0.49064,0.50217,0.069209,0.47993,0.44796,0.49885,0.20752,0.051856,0.18202,0.2392,0.19263,443.14,305.92,599.27,204.79,133.59,2385.1,0.028169,178.69,1
2.1906,0.82752,1.7829,2.2191,2.0594,2.518,0.84476,1.6724,2.2872,2.7954,0.7002,0.14542,0.67951,0.78779,0.79375,0.28853,0.071763,0.22997,0.29316,0.33441,536.95,296.54,530.95,296.41,234.16,326.89,0.044,203.44,0
2.358,1.0671,1.7912,2.4999,3.0903,2.3144,1.184,1.2328,2.0967,2.778,0.74172,0.22056,0.75288,0.86343,0.9774,0.32019,0.090948,0.29013,0.34586,0.38667,613.93,324.24,597.19,326.65,121.23,1.6721,0.05568,182.16,0
1.7681,0.41666,1.2079,1.6433,2.048,1.4895,0.32797,1.4195,2.1283,1.9428,0.37018,0.037688,0.32657,0.32527,0.39877,0.12454,0.027842,0.077612,0.10833,0.11742,602.92,344.49,560.81,278.84,191.96,278.78,0.016321,215.46,1
1.4645,1.0738,0.49345,1.4645,2.0449,1.2322,0.93031,0.78808,1.2761,2.004,0.57285,0.1234,0.51812,0.52227,0.74674,0.21784,0.048614,0.16939,0.20261,0.20647,550.45,328.22,526.2,324.29,200.74,1663.8,0.052116,236.84,0
1.1935,0.75435,0.80948,1.4548,1.7691,1.0754,0.70119,0.84549,1.3957,1.7565,0.4263,0.094018,0.42765,0.50819,0.55317,0.1742,0.056368,0.18877,0.24475,0.2439,511.64,311.92,493.71,207.15,190.04,1327.3,0.04907,209.08,0
1.5214,0.32651,1.1237,1.3881,1.7885,1.3351,0.15447,1.1554,1.5801,1.8785,0.4295,0.029481,0.35531,0.36931,0.43345,0.14201,0.030676,0.091557,0.1398,0.16157,655.32,312.63,618.22,330.24,150.28,173.97,0.055404,169.61,1
2.7062,1.5048,1.8865,2.6436,3.3202,2.6138,1.6428,1.5041,2.4017,4.0223,0.71106,0.19879,0.63786,0.82904,0.87685,0.23106,0.083058,0.26781,0.29826,0.35449,537.85,272.7,384.93,349.66,232.19,750.91,0.18037,236.46,0
1.6787,1.3245,1.0044,1.6485,2.8363,1.6925,1.9501,0.49523,1.7285,3.1525,0.8055,0.22549,0.76209,0.89499,0.95639,0.30601,0.10327,0.30294,0.33932,0.41104,573.93,274.97,513.79,379.85,220.5,46.268,0.063879,242.91,0
1.2127,0.2041,0.89735,1.1643,1.0979,0.91348,0.10928,0.62196,0.79797,0.95257,0.47573,0.029795,0.39092,0.43948,0.35154,0.15668,0.041207,0.10913,0.1264,0.13292,634.71,304.46,667.36,290.4,93.512,94.828,0.083592,102.47,1
2.2677,1.0948,1.602,1.6433,2.9051,2.0452,1.3158,1.3769,2.2498,2.7563,0.67668,0.19297,0.64245,0.81308,0.82906,0.26972,0.093528,0.27029,0.30283,0.34124,587.88,293.62,553.72,294.07,198.72,448.1,0.035361,259.42,0
1.0982,0.8452,0.67018,1.3409,1.671,1.0271,0.55204,0.81143,1.2297,1.6554,0.53603,0.08035,0.53691,0.57348,0.45896,0.17595,0.041669,0.16079,0.18854,0.25015,505.66,300.5,568.13,319.23,211.4,1086.7,0.03645,277.41,1
0.76029,0.25866,0.44939,0.79188,0.96701,0.44277,0.15314,0.3152,0.71391,0.62702,0.32269,0.012071,0.2875,0.28188,0.3161,0.10526,0.025639,0.096258,0.10664,0.093269,617.72,360.77,673.03,179.4,70.432,67.074,0.13532,71.529,1
1.4053,0.7574,0.9315,1.668,1.9421,1.2086,0.64011,1.0966,1.4051,1.9816,0.41797,0.12774,0.38605,0.48558,0.50836,0.16368,0.070063,0.13741,0.19474,0.21889,567.19,313.87,553.25,288.47,161.92,927.67,0.056922,222.4,1
3.2113,1.8056,2.154,3.3429,4.6225,3.5683,2.451,1.6561,2.9889,4.9774,0.71029,0.28627,0.58104,0.86561,0.91222,0.24706,0.11705,0.21818,0.30297,0.36725,534.23,300.97,598.71,360.17,158.23,0.52202,0.12654,210.74,0
0.63459,0.60281,0.47257,0.8006,1.1861,0.68004,0.40229,0.44427,0.86766,1.0776,0.40412,0.050625,0.3551,0.38697,0.38625,0.17181,0.042201,0.12858,0.16073,0.15132,571.04,322.07,602.7,209.43,179.21,515.2,0.032775,187.82,1
3.1119,1.1261,2.235,2.9675,3.7002,2.6053,1.2886,1.7981,3.0584,3.7744,0.68612,0.2191,0.59462,0.80624,0.83156,0.28112,0.10304,0.22322,0.27464,0.30737,517.03,304.47,505.9,325.17,204.39,148.62,0.074364,231.99,0
1.2038,0.66364,0.85745,1.2163,1.4657,1.2597,0.68622,0.99324,0.9924,1.6453,0.45111,0.077961,0.3392,0.53127,0.3921,0.12404,0.045238,0.10455,0.14486,0.16968,596.91,320.77,616.19,263.4,146.66,761.27,0.051186,154.8,1
3.4498,1.0308,2.9078,3.463,4.3056,3.5427,1.078,3.0581,3.2044,3.898,0.76363,0.23173,0.74438,0.88938,0.88664,0.29591,0.10336,0.27653,0.32535,0.39008,587.91,308.79,595.71,308.27,179.84,5.269,0.092264,179.73,0
3.026,1.3685,2.1914,3.1167,4.4644,3.3799,1.6804,2.0898,2.9924,4.0408,0.83269,0.26737,0.68538,0.91324,0.95621,0.29427,0.1098,0.25445,0.33896,0.37399,566.5,310.92,642.3,312.78,193.85,3.6384,0.058658,171.4,0
3.3523,1.3187,2.5618,3.3438,4.3007,3.5193,1.4866,2.7982,3.3142,4.1509,0.74904,0.22405,0.64104,0.81952,0.90971,0.2558,0.10278,0.22319,0.29133,0.32811,497.03,283.97,565.79,310.02,247.34,55.515,0.092772,261.57,0
2.8998,0.93861,2.0305,2.8931,3.4911,2.5713,0.92915,1.5973,2.4904,3.3399,0.80233,0.17301,0.71446,0.84929,0.88816,0.31185,0.073011,0.27284,0.32767,0.36729,568.08,314.96,516.58,356.19,242.77,197.36,0.092146,242.31,0
3.2005,1.2287,2.452,3.0606,4.0949,3.159,1.2815,2.0229,3.1415,4.0564,0.77274,0.20553,0.69348,0.83637,0.89106,0.31197,0.093405,0.26046,0.31699,0.36492,561.04,316.52,564.93,318.47,257.51,65.523,0.027512,236.09,0
0.42455,0.24644,0.1427,0.27285,0.66493,0.18222,0.083725,0.066387,0.20266,0.34048,0.40463,0.0059584,0.34755,0.37241,0.30685,0.13613,0.038117,0.11959,0.13144,0.13813,652.65,336.15,701.34,171.72,85.54,124.08,0.053948,72.895,1
0.89096,1.0189,0.57242,1.0934,1.0738,0.65027,0.65536,0.61474,0.94378,1.4064,0.44813,0.12905,0.55081,0.53055,0.61072,0.21477,0.055874,0.21248,0.21925,0.23417,492.67,328.58,471.32,242.9,243.74,3726.5,0.045854,218.26,0
0.6591,0.20298,0.33666,0.7133,0.71717,0.55626,0.090363,0.34283,0.68463,0.54034,0.35335,0.010012,0.35834,0.35461,0.30226,0.12922,0.03331,0.10749,0.11342,0.1455,625.18,322.3,661.61,209.59,76.832,224.57,0.024862,111.55,1
3.5704,0.53992,3.0085,3.7984,4.0075,3.6434,0.94255,3.1918,3.633,4.4261,0.78128,0.19669,0.71866,0.89408,0.86502,0.33276,0.082459,0.29849,0.28954,0.37288,566.79,325.09,550.13,324.62,179.31,1.752,0.051688,157.03,0
0.98124,0.29048,0.6117,1.059,1.1488,0.87139,0.20244,0.59451,0.85392,1.115,0.32004,0.017552,0.35806,0.32746,0.29396,0.13927,0.034662,0.11566,0.10379,0.10652,600.51,328.99,612.39,290.32,148.25,248.33,0.03478,97.916,1
1.64,0.84977,1.1479,1.2521,2.0919,1.6121,1.1389,0.74707,1.196,2.3373,0.88487,0.15556,0.87715,0.9569,0.97982,0.36395,0.064536,0.35012,0.371,0.42613,608.15,275.64,451.48,368.41,142.34,83.303,0.039589,232.41,0
3.1012,1.0619,2.4815,3.0005,3.5651,3.0949,1.0593,2.5499,3.0226,3.5512,0.75216,0.17801,0.71743,0.8004,0.87829,0.29858,0.078491,0.27467,0.33889,0.35823,577.95,309.41,506.84,322.95,208.29,120.85,0.067324,272.24,0
0.37011,0.27494,0.17321,0.44794,0.64754,0.35564,0.12711,0.15032,0.30751,0.46829,0.35754,0.012377,0.31931,0.38151,0.31284,0.10513,0.020199,0.10307,0.11352,0.11694,650.91,332.36,630.55,262.2,96.953,165.53,0.055474,95.666,1
1.1209,0.83657,0.85865,1.3611,2.0293,1.3829,1.0084,0.82012,1.2007,1.5743,0.57386,0.10706,0.68652,0.64485,0.6419,0.27759,0.059345,0.2369,0.25495,0.328,525.44,269.01,397.21,358.26,163.79,1656.5,0.057334,247.95,0
0.51392,0.78142,0.36428,0.39471,0.68272,0.60178,0.55198,0.12475,0.50594,1.0444,0.49971,0.051549,0.383,0.51002,0.45875,0.1835,0.039593,0.14491,0.13883,0.17521,485.16,317.63,476.66,323.21,252.72,2563.3,0.082992,238.29,1
0.4572,0.24104,0.16916,0.3709,0.61789,0.31878,0.084817,0.20791,0.31785,0.33655,0.45415,0.011081,0.36104,0.43877,0.39144,0.13897,0.028799,0.13129,0.13491,0.13086,628.72,345.1,673.55,221.79,95.245,137.68,0.12062,98.158,1
1.2555,0.40797,0.95208,1.4536,1.0491,1.217,0.29491,0.93345,1.4294,1.4803,0.39147,0.050449,0.35971,0.39096,0.45588,0.15574,0.037337,0.11515,0.15346,0.14515,538.84,339.37,568.22,262.69,203.96,506.19,0.070524,203.42,1
2.2245,0.93243,1.4436,1.7562,2.643,1.7094,1.2473,1.4191,1.6746,2.6044,0.68397,0.16357,0.64712,0.7302,0.79479,0.25663,0.0657,0.23342,0.27248,0.28686,537.36,307.88,522.33,292.79,187.58,620.66,0.037206,205.07,0
1.347,0.87389,0.98335,1.3468,1.8948,1.3148,0.95227,0.82126,1.2657,2.3088,0.80784,0.14871,0.80676,0.86928,0.9485,0.32341,0.067582,0.33321,0.35723,0.3733,530.33,320.78,512.73,324.93,236.74,393.52,0.037014,270.05,0
1.4829,0.95092,0.78253,1.487,2.3134,1.04,0.52705,1.0272,1.2957,1.803,0.41375,0.082373,0.44427,0.51231,0.47029,0.17839,0.048168,0.14853,0.17382,0.2035,536.78,284.69,547.52,294.37,236.05,1442.2,0.076699,166.78,1
0.7353,0.38504,0.43403,0.71674,1.0774,0.64225,0.20707,0.38116,0.8401,0.64678,0.39461,0.029172,0.36828,0.36939,0.38776,0.12632,0.032967,0.11431,0.10391,0.13155,601.32,305.82,606.79,252.4,110.62,240.52,0.044954,137.54,1
0.31039,0.10057,0.10408,0.25136,0.44089,0.19721,0.046908,0.052737,0.16149,0.15082,0.42396,0.0063565,0.40779,0.42089,0.3558,0.1348,0.027718,0.10433,0.13373,0.14526,667.41,336.06,703.19,181.55,65.608,70.391,0.07123,64.781,1
1.1864,0.21762,0.95262,1.2609,1.3392,1.0251,0.20434,0.6688,1.2244,1.0684,0.38843,0.017096,0.35141,0.29202,0.31786,0.099128,0.023842,0.083237,0.10709,0.095375,634.5,334.63,611.1,281.53,122.54,127.69,0.033044,130.36,1
3.1517,1.8135,2.2453,2.453,4.5033,3.045,2.326,1.2658,2.1313,4.105,0.75558,0.27225,0.6029,0.85449,0.92567,0.23106,0.11981,0.21934,0.32076,0.36965,573.21,321.53,626.99,347.39,171.74,2.2343,0.080221,160.91,0
0.91686,0.36994,0.68541,0.91211,1.328,0.87076,0.17213,0.8868,0.64597,0.74646,0.38311,0.0239,0.3468,0.35348,0.39408,0.12594,0.032752,0.097533,0.13986,0.11815,645.81,353.21,615.68,219.28,135.84,254.51,0.032749,123.93,1
0.64151,0.48112,0.2561,0.50247,1.1293,0.46903,0.34255,0.30685,0.46864,0.6704,0.3918,0.072815,0.38735,0.48375,0.39495,0.13293,0.025699,0.14264,0.1423,0.13757,617.2,302.56,578.23,251.97,82.124,882.71,0.034018,107.26,1
0.10631,0.16703,0.0083486,0.093062,0.26547,0.059807,0.068577,0.013219,0.045344,0.061544,0.4448,0.0035737,0.38166,0.4145,0.34643,0.15518,0.041684,0.15043,0.16622,0.14013,655.43,336.99,710.01,78.251,45.901,156.97,0.17363,62.519,1
3.3091,1.2795,3.0589,3.6434,4.549,3.8122,1.5601,2.8438,3.4702,4.7104,0.86355,0.25331,0.77691,0.9644,1.0152,0.30129,0.095691,0.28769,0.3358,0.40359,594.38,295.54,666.34,411.38,136.78,0.010687,0.14847,157.21,0
0.18565,0.25713,0.030293,0.1888,0.37258,0.098453,0.1036,0.028368,0.1307,0.20722,0.43539,0.0059342,0.38712,0.44665,0.37512,0.16321,0.028439,0.13235,0.15141,0.14375,608.54,301.11,704.92,97.486,95.145,328.62,0.13248,101.55,1
2.1697,1.0275,1.6609,2.0273,3.1625,2.349,1.3093,1.0287,1.9145,3.1459,0.88072,0.19243,0.82499,0.94061,1.0069,0.35122,0.082091,0.30955,0.3578,0.41466,597.76,277.5,539.13,387.59,164.26,16.695,0.076016,190.74,0
3.1257,0.5946,2.7486,2.9581,3.3484,3.2304,0.54483,3.1726,3.2611,3.2057,0.65833,0.11995,0.66249,0.64818,0.76506,0.26313,0.058628,0.25881,0.29249,0.29649,540.76,296.73,523.31,278.35,197.18,105.05,0.049421,288.26,0
0.89786,0.62487,0.44354,0.99589,1.3331,0.80605,0.7841,0.38295,0.77576,1.1091,0.38336,0.075484,0.42583,0.38135,0.46467,0.16722,0.051928,0.14837,0.1662,0.21082,533.69,283.28,619.14,250.51,187.37,910.42,0.062539,196.89,1
0.39486,0.32456,0.096937,0.28231,0.57805,0.26481,0.14306,0.091441,0.24551,0.32937,0.41059,0.0097164,0.41048,0.38584,0.3364,0.13173,0.027206,0.12962,0.11998,0.14222,593.5,330.25,634.47,200.01,122.32,433.49,0.10363,138.56,1
2.4434,0.95233,1.8732,2.6012,3.2988,2.7604,1.3117,1.7507,2.4825,2.9612,0.84969,0.21095,0.79635,0.89607,0.93336,0.34055,0.095126,0.30343,0.35285,0.39431,570.66,311.5,580.11,308.32,187.78,73.442,0.04329,185.7,0
3.6045,0.62608,3.0813,3.4932,3.6541,3.0601,0.5078,3.3078,3.551,3.6281,0.69282,0.17113,0.57951,0.69295,0.78037,0.24901,0.063937,0.20993,0.26286,0.30182,537.72,304.66,545.44,311.92,238.81,234.14,0.058477,243.4,0
1.5771,0.45884,1.9444,1.8249,2.2755,1.4342,0.41376,1.6045,1.7913,1.6878,0.53141,0.11123,0.551,0.58246,0.56082,0.25494,0.051631,0.19566,0.2296,0.22464,514.95,288.71,521.92,279.55,216.85,757.06,0.034921,184.28,0
3.1613,1.6891,2.102,2.9764,4.5851,3.2909,2.1758,1.5801,2.6154,4.4823,0.73825,0.29765,0.56426,0.83067,0.89286,0.22371,0.11544,0.18971,0.28909,0.35581,599.61,296.02,588.99,347.68,124.56,2.4932,0.066807,191.24,0
1.9422,0.9746,1.7273,1.9226,3.1884,2.2329,1.7981,1.4009,2.0985,3.5325,0.88364,0.1809,0.86369,0.97689,1.0141,0.33787,0.05838,0.34489,0.37649,0.4146,631.92,266.12,489.55,408.33,195.61,0.16221,0.049373,186.54,0
0.95526,0.40424,0.4628,0.89988,1.1626,0.63469,0.23345,0.40012,0.58728,0.85798,0.29296,0.019722,0.2534,0.29058,0.22371,0.085292,0.032437,0.060149,0.088845,0.096707,674.07,362.99,654.63,207.69,80.665,101.43,0.037348,113.48,1
0.82012,0.38306,0.60513,0.87122,1.2351,0.74087,0.38955,0.38401,0.83833,1.3813,0.43185,0.035526,0.29974,0.35947,0.32827,0.1312,0.032845,0.12338,0.13318,0.15339,615.2,311.3,611.84,274.79,102.88,452.74,0.033476,118.14,1
0.97287,0.62582,0.85384,0.9143,1.3445,1.0093,0.36846,0.65827,0.88327,1.3851,0.42008,0.066415,0.43078,0.43043,0.46697,0.17238,0.028643,0.15657,0.15956,0.13613,601.68,299.73,587.37,255.83,152.1,523.56,0.036335,191.24,1
1.9555,0.52344,1.9239,1.9907,2.1177,2.0061,0.45249,1.9191,1.6526,1.9315,0.56219,0.092155,0.58944,0.61562,0.58351,0.23467,0.048289,0.21968,0.25837,0.24758,558.67,303.1,530.37,272.42,223.01,966.62,0.032727,205.07,0
1.7396,1.4131,0.5357,1.1442,2.9206,1.6544,1.4324,0.75986,1.5183,2.6723,0.76527,0.14641,0.68437,0.71516,0.84578,0.26978,0.076791,0.25907,0.29776,0.33689,443.82,283.02,444.28,312,329.94,2743.5,0.032094,302.64,0
1.0344,0.32233,0.57424,1.091,0.97278,0.77221,0.11664,0.5203,0.80134,0.85239,0.38512,0.027237,0.35564,0.32936,0.35699,0.12455,0.034839,0.086192,0.11289,0.14862,590.79,320.01,652.13,210.56,153.75,166.34,0.035967,129.91,1
0.5135,0.1423,0.081959,0.33245,0.52555,0.26331,0.048699,0.11355,0.28515,0.29917,0.42799,0.0021361,0.33932,0.34195,0.35045,0.12653,0.023041,0.10871,0.098638,0.12672,664.03,348.97,672.48,188.27,93.667,30.326,0.5064,72.638,1
2.4391,0.64992,2.2973,2.5855,3.213,2.5754,0.72694,2.16,2.2062,2.4859,0.62992,0.14748,0.51053,0.60364,0.68327,0.22342,0.064071,0.21569,0.24767,0.2321,548.08,284.31,552.6,293.73,249.76,270.02,0.064922,195.12,0
2.7913,0.50476,2.5494,2.9076,2.6373,2.3687,0.1988,2.5188,2.0541,1.9426,0.40733,0.059576,0.31093,0.3951,0.37253,0.14893,0.037971,0.098181,0.11924,0.13837,637.6,263.42,574.25,337.91,110.26,274.69,0.039291,179.5,1
3.345,1.2441,2.4144,3.1141,3.6189,3.1062,1.3946,2.3526,2.9651,4.0615,0.59139,0.14042,0.4874,0.59441,0.72954,0.23492,0.067225,0.18973,0.23285,0.27464,493.51,241.92,480.31,315.4,278.28,249.32,0.072306,273.18,0
3.0523,1.4758,1.9947,3.0183,4.5053,2.7954,1.7477,1.391,2.8171,3.6413,0.65476,0.26672,0.67314,0.87008,0.87416,0.25135,0.11186,0.21878,0.33257,0.38853,587.88,299.59,560.94,327.84,148.17,8.2344,0.094958,160.88,0
3.4808,0.99925,2.8272,3.407,3.9531,3.033,0.87795,2.4984,2.996,3.4213,0.84191,0.17962,0.77773,0.82125,0.8754,0.29432,0.077993,0.29272,0.2837,0.37912,631.73,268.63,558.22,352.81,238.95,50.743,0.061206,213.22,0
0.83546,0.5124,0.5959,0.9716,1.0497,0.99144,0.40508,0.77198,0.83468,1.2283,0.36911,0.066093,0.34371,0.46889,0.39294,0.15605,0.038057,0.13671,0.16288,0.16195,605.23,328.72,633.99,287.22,164.85,561.83,0.051173,144.28,1
2.4206,1.624,1.254,1.8521,3.3151,2.1744,1.4753,0.85973,1.7586,3.0379,0.71258,0.22441,0.60687,0.82308,0.83752,0.28186,0.094341,0.22518,0.27432,0.36959,448.69,316.5,434.96,280.45,220.77,423.69,0.088757,198.06,0
0.20487,0.25708,0.037508,0.20923,0.44716,0.10282,0.081712,0.046429,0.16123,0.19448,0.44022,0.0062404,0.36161,0.43203,0.36747,0.15261,0.034935,0.13286,0.1301,0.15219,641.62,335.42,673.22,133.21,58.117,152.92,0.065769,70.866,1
0.61702,0.46612,0.48044,0.73652,1.0141,0.81,0.30421,0.65921,0.89015,0.95348,0.4268,0.03931,0.4091,0.48906,0.43633,0.14873,0.029416,0.14947,0.13227,0.15637,594.58,328.86,557.72,234.87,154.11,580.05,0.084226,161.88,1
0.88931,0.27058,0.44368,0.78192,0.70398,0.64786,0.1644,0.32291,0.59177,0.72924,0.34706,0.020102,0.30709,0.33332,0.34397,0.12892,0.027519,0.099397,0.13534,0.11771,637.85,351.34,635.16,220.33,90.006,145.76,0.059384,124.22,1
1.4387,0.29164,1.3396,1.3778,1.34,1.3261,0.18441,1.0939,1.0768,1.0444,0.41611,0.024267,0.39158,0.44061,0.36778,0.15025,0.031088,0.13128,0.15557,0.16267,595.72,311.31,574.52,289.04,136.66,235.4,0.041402,167.3,1
3.0642,0.69851,2.658,3.4243,4.0003,3.4694,1.4873,2.5098,2.6516,4.2621,0.90473,0.20315,0.87209,0.95955,1.0253,0.34813,0.074932,0.3371,0.36367,0.43871,614.25,300.13,622.79,368.07,125.8,0.0022562,0.12746,177.82,0
1.4669,0.72799,0.92207,1.444,1.7952,1.1849,0.48781,0.75218,1.4651,1.7603,0.43169,0.072317,0.45115,0.43378,0.44985,0.14759,0.042063,0.13865,0.1444,0.2072,531.24,316.28,556.09,306.03,210.03,947.39,0.031279,200.16,1
0.81594,0.41442,0.47071,0.99312,1.0808,0.71707,0.21143,0.58558,0.45767,0.77462,0.4801,0.031009,0.38455,0.36874,0.36129,0.16075,0.032148,0.15214,0.14223,0.16969,634.56,321.04,582.07,287.37,158.25,173.71,0.042073,118.78,1
0.45515,0.27568,0.15313,0.39383,0.56379,0.2646,0.13606,0.11339,0.37268,0.43327,0.43602,0.016101,0.36955,0.36136,0.29696,0.13963,0.031478,0.13655,0.12676,0.14116,632.34,319.46,682.3,162.81,104.42,292.46,0.075182,103.41,1
0.22493,0.54033,0.046783,0.24096,0.48555,0.21185,0.28948,0.068529,0.17488,0.37769,0.42697,0.019954,0.43919,0.37863,0.3912,0.1533,0.038168,0.14883,0.19245,0.14596,504.32,325.19,607.62,141.05,137.26,1147.5,0.035811,154.7,1
3.3294,1.1296,2.3937,2.9516,3.9923,3.2869,1.2051,2.8724,3.1621,3.8332,0.69699,0.2124,0.6308,0.71748,0.88281,0.26034,0.090146,0.24472,0.31156,0.33143,536.93,285.07,443.69,320.02,273.43,88.527,0.026566,298.7,0
1.8694,1.1669,1.1306,1.8127,2.143,1.7989,1.0887,1.0095,1.3769,2.4715,0.57381,0.19718,0.46268,0.62659,0.69465,0.235,0.092481,0.19373,0.24273,0.29423,545.44,274.83,539.49,300.03,194.98,1711.5,0.073258,221.3,0
0.77019,0.26441,0.57621,0.99942,0.90547,0.53053,0.12236,0.4279,0.49433,0.68669,0.34829,0.023138,0.33531,0.3608,0.32867,0.13591,0.027129,0.099997,0.13079,0.13822,651.19,326.26,660.92,210.02,71.737,111.63,0.080035,98.829,1
2.8571,2.0342,1.7521,3.2268,4.44,2.901,2.405,0.81664,2.1306,4.0836,0.73129,0.30719,0.55573,0.85778,0.97899,0.24982,0.13571,0.17577,0.29563,0.38153,567.99,300.6,578.5,384.1,131.67,25.125,0.081323,245.36,0
1.2377,0.57748,0.73417,1.2005,1.9022,1.2194,0.45168,0.84588,1.1666,1.2562,0.4278,0.074175,0.37695,0.45288,0.45264,0.15839,0.044444,0.12722,0.15114,0.18103,561.86,286.94,611.37,236.16,160.84,948.38,0.055423,171.01,1
2.028,0.54004,1.9046,2.0853,2.2072,2.5082,0.44589,2.3417,2.1182,1.8474,0.43645,0.10394,0.48997,0.55167,0.61335,0.18887,0.044585,0.13198,0.20212,0.196,571.84,313.96,481.04,310.87,209.63,589.02,0.059603,164.23,1
1.3883,0.081506,0.88991,1.4031,1.1571,0.86324,0.020644,0.91334,0.79031,0.60049,0.27908,0.0051519,0.24832,0.2877,0.2438,0.077641,0.020652,0.07011,0.079571,0.087752,696.61,333.92,699.69,249.02,57.709,9.1729,0.1576,81.102,1
2.1493,0.49479,2.7604,2.624,3.181,2.9364,1.5354,1.8701,2.2478,3.4072,0.90504,0.18966,0.89067,1.0036,1.0388,0.35635,0.064422,0.35406,0.37847,0.44128,620.45,315.75,648.79,423.57,110.08,0,0.065396,163.96,0
2.6041,1.9142,1.5428,2.5002,4.3983,2.7758,2.4524,1.051,2.1568,4.4463,0.74406,0.28886,0.62454,0.88428,0.97881,0.24337,0.12457,0.21556,0.33516,0.39363,598.71,289.17,597.52,363.34,169.79,3.3176,0.14561,149.53,0
0.52666,0.78584,0.19309,0.45387,0.66065,0.39662,0.59158,0.17961,0.45673,0.616,0.44253,0.037457,0.50821,0.46945,0.39665,0.19771,0.036579,0.18309,0.17823,0.2214,565.99,306.99,576.87,217.03,175.68,1923.2,0.034057,200,1
1.7197,0.37514,1.2077,1.7383,1.77,1.181,0.33286,1.1546,1.2642,1.4556,0.48416,0.047185,0.50422,0.57456,0.54852,0.20214,0.02181,0.16354,0.17317,0.14927,597.15,288.95,535.38,393.34,187.21,666.76,0.043077,222.18,1
2.5945,0.92498,1.6903,2.6088,3.1841,2.1739,0.87916,1.9188,2.3371,2.7553,0.55539,0.15993,0.63416,0.63047,0.70168,0.24658,0.074016,0.19632,0.27143,0.30155,505.81,237.06,524.38,309.81,191.23,318.05,0.03405,215.66,0
3.1041,1.1924,2.6268,3.2383,4.3205,3.6177,1.7317,2.7784,3.2482,4.5319,0.84499,0.22624,0.76836,0.93957,0.98203,0.32144,0.094493,0.27133,0.34751,0.39977,570.53,291.62,618.77,371.27,139.57,0.31383,0.034932,160.23,0
2.9616,0.57453,2.8699,3.039,3.7338,3.4362,0.58993,3.0199,3.2887,3.5685,0.83247,0.19494,0.84665,0.91099,0.99982,0.34048,0.063718,0.31885,0.33295,0.39227,635.33,329.23,608.46,374.88,153.96,0.067521,0.12271,169.39,0
2.3012,1.0726,1.76,2.1896,3.401,2.4724,1.5554,1.401,2.1127,3.401,0.85438,0.22303,0.84955,0.96326,1.0089,0.34469,0.088489,0.33471,0.36968,0.42107,601.54,285.25,560.14,373.41,154.74,2.795,0.060556,233.53,0
0.34878,0.23301,0.054734,0.25417,0.36111,0.18623,0.14683,0.048943,0.13011,0.2039,0.37894,0.0063777,0.33198,0.40873,0.3092,0.12619,0.026411,0.1148,0.14786,0.14171,630.05,323.7,682.87,185.87,71.108,279.88,0.043543,76.981,1
3.1101,1.6813,2.0969,2.8583,4.4367,3.2941,2.2292,1.3256,2.7134,4.3592,0.8403,0.26792,0.77914,0.94763,0.9706,0.30253,0.11242,0.24331,0.34998,0.41781,586.08,308.19,611.16,385.58,170.05,0.045363,0.079279,185.55,0
2.3236,1.2781,2.073,3.0004,3.958,2.8173,1.47,1.6174,2.2756,3.7211,0.8525,0.22249,0.80171,0.95346,0.99261,0.32044,0.097581,0.30483,0.33992,0.39869,566.05,319.36,572.58,361.13,144.81,3.9556,0.076667,210.67,0
0.27684,0.26242,0.059292,0.23901,0.39716,0.17647,0.0757,0.079071,0.11274,0.21948,0.41462,0.0065769,0.34072,0.43918,0.36053,0.14008,0.026875,0.11607,0.15108,0.15006,632.88,333.02,681.82,139.59,73.539,228.9,0.076438,85.546,1
1.6593,0.81862,1.0933,1.3679,1.4776,1.2806,0.73488,0.77312,1.292,1.6858,0.48572,0.073883,0.45289,0.50738,0.49806,0.17569,0.05493,0.1226,0.19388,0.20134,571.38,302.73,582.33,300.93,167.7,569.6,0.055719,209.42,1
2.0168,0.46181,1.9468,1.9269,1.6711,2.2403,0.21132,1.6292,2.0624,2.2941,0.47117,0.047394,0.38507,0.38159,0.5107,0.15255,0.026,0.14872,0.16653,0.13921,624.01,319.86,519.92,335.55,226.16,207.44,0.043131,236.2,1
0.11185,0.14874,0.0048363,0.078597,0.23364,0.034921,0.031508,0.0051579,0.021052,0.070415,0.4223,0.00096386,0.31466,0.41773,0.35948,0.1411,0.047001,0.09984,0.13969,0.11921,694.65,377.74,732.26,66.078,33.134,48.756,0.45801,29.342,1
1.4598,0.90197,0.92466,2.2413,2.4324,1.6666,0.68471,1.0544,1.5415,1.9404,0.5353,0.12522,0.41988,0.54129,0.61095,0.1776,0.051776,0.14268,0.22554,0.22408,589.85,299.24,505.36,305.15,227.64,1134.4,0.091492,285.64,0
3.1096,0.80157,2.4588,2.8244,3.7916,3.0035,0.89646,2.6561,3.319,3.614,0.77311,0.15717,0.78671,0.87692,0.94312,0.33378,0.068005,0.3199,0.33066,0.38111,551.1,322.36,559.3,322.42,209.54,35.949,0.037344,259.68,0
1.8811,0.96316,1.3864,2.0568,2.4532,1.7099,0.74546,1.1584,1.9551,2.5012,0.61444,0.15107,0.57002,0.7867,0.74278,0.25541,0.081107,0.20905,0.28672,0.33411,566.12,291.57,513.88,357.51,146.91,727.62,0.02745,279.75,0
2.2866,0.72085,0.85853,1.9149,1.9783,1.8401,0.52992,1.8875,1.8501,1.8825,0.30336,0.05864,0.36354,0.39051,0.43688,0.16336,0.0404,0.12131,0.16471,0.15411,498.54,280.92,539.74,315.24,185.76,503.95,0.037046,224.16,1
0.24026,0.15959,0.056244,0.18948,0.30638,0.12759,0.081186,0.048812,0.13467,0.17085,0.41738,0.0080163,0.33372,0.37267,0.3548,0.13636,0.037839,0.11833,0.13801,0.12822,660.91,346.7,699.9,131.16,56.003,109.17,0.2703,63.823,1
2.4496,1.3445,1.4011,2.2816,3.5004,2.2966,1.4726,1.3315,2.1521,3.4345,0.82998,0.2286,0.75903,0.91406,0.99237,0.31495,0.10925,0.24678,0.33981,0.41391,580.56,315.06,607.71,360.47,180.4,12.384,0.0365,207.88,0
2.2191,0.92065,1.6885,2.5114,2.7817,1.9885,0.87734,1.497,1.5343,3.0722,0.5365,0.11395,0.52516,0.55447,0.64457,0.22894,0.054237,0.22067,0.20181,0.20643,562.24,256.76,552.48,345.07,215.69,791.84,0.068151,235.22,0
0.24184,0.10987,0.04002,0.13517,0.38243,0.10416,0.033613,0.024687,0.11053,0.14508,0.37586,0.0044939,0.32402,0.39274,0.2821,0.13168,0.030223,0.10373,0.1261,0.14054,686.8,350.72,715.95,173.9,57.866,100.17,0.035486,43.517,1
0.14091,0.14511,0.021053,0.070643,0.21437,0.07765,0.037979,0.015899,0.070809,0.11433,0.48421,0.0022728,0.40379,0.44598,0.33958,0.1586,0.021356,0.12982,0.15016,0.15841,650.65,321.14,684.64,176.22,62.288,70.914,0.15028,91.173,1
2.1241,0.68425,1.6537,2.1407,2.4612,2.6793,0.8383,2.0171,2.2995,3.0704,0.63853,0.10531,0.66655,0.68786,0.75126,0.28302,0.059761,0.27464,0.30509,0.30824,579.59,323.19,440.16,344.56,254.4,1379.8,0.042591,231.38,0
1.5703,0.79601,0.91503,1.4127,1.6407,1.7216,0.63636,0.80384,1.1837,1.6821,0.55376,0.11978,0.49048,0.55742,0.53872,0.18576,0.062437,0.15474,0.17474,0.23895,541.31,295.42,548.4,295.03,163.32,746.13,0.032257,157.16,1
0.94646,0.42716,0.66185,0.83248,1.29,0.56446,0.2397,0.48972,0.62056,1.2544,0.30953,0.0467,0.25443,0.30095,0.37766,0.10395,0.033233,0.095109,0.12522,0.12122,627.39,350.63,691.12,217.69,109.98,430.55,0.013712,86.174,1
3.2125,0.81979,3.0319,3.6272,4.1376,3.7991,1.503,2.8656,3.4018,4.3446,0.77886,0.24605,0.74795,0.95477,1.0134,0.32495,0.093054,0.29257,0.32506,0.39096,557.06,311.69,663.46,347.31,127.42,0.003325,0.051807,143.81,0
0.66096,0.19249,0.29725,0.47235,0.58387,0.46101,0.09821,0.24993,0.41888,0.34906,0.36473,0.0068301,0.32644,0.34786,0.32364,0.13319,0.028842,0.12152,0.13963,0.13578,637.14,315.86,622.97,209.22,108.59,217.81,0.028769,110.91,1
1.8263,0.89843,1.3693,2.1177,2.6905,1.7351,1.0548,1.4142,1.8787,2.1558,0.54965,0.14121,0.45732,0.47816,0.53412,0.15932,0.060906,0.11933,0.21119,0.22792,565.46,291.57,580.07,315.18,207.84,803.62,0.056852,269.86,1
1.572,0.58116,0.98755,1.3664,1.7397,1.5617,0.72121,1.0831,1.7321,1.6623,0.76603,0.062452,0.84872,0.75778,0.83931,0.3594,0.045985,0.3247,0.32732,0.36591,511.68,228.12,386.85,340.22,269.25,1648,0.056128,268.25,0
3.0492,0.80657,2.6086,3.0333,3.6698,2.9956,1.0182,2.3231,3.077,4.0921,0.83478,0.16311,0.78774,0.93968,0.99436,0.32655,0.07208,0.31579,0.34957,0.39887,622.67,289.86,634.41,384.46,203.14,0.27764,0.21461,205.19,0
2.0625,0.53131,1.9082,1.7996,1.9246,1.6502,0.29301,1.8387,2.017,1.4815,0.42297,0.056047,0.41188,0.45379,0.4522,0.1688,0.036001,0.11581,0.13565,0.16194,546.08,265.44,580.51,302.86,171.01,363.89,0.049773,164.5,1
3.2611,0.82585,2.7311,3.2444,4.1469,3.3632,1.0463,2.6319,3.1522,3.8101,0.82147,0.16231,0.73608,0.84889,0.92559,0.33875,0.087717,0.29226,0.32659,0.38363,518.47,266.82,532.39,339.3,240.58,26.777,0.04574,221.87,0
0.6428,0.43547,0.39619,0.87808,0.99473,0.70372,0.31446,0.58515,0.85536,0.70155,0.42246,0.048198,0.45049,0.4125,0.44188,0.15779,0.031976,0.18706,0.15216,0.16458,571.1,302.98,614.32,278.15,153.92,872.16,0.047137,180.23,1
1.2786,0.53955,0.99666,1.5243,1.3265,1.2867,0.4638,0.79767,1.2136,1.7439,0.48039,0.10864,0.43418,0.46036,0.52675,0.1572,0.050803,0.12822,0.14924,0.19444,575.84,310.7,602.18,299.26,122.28,322.07,0.063612,206.13,1
2.5722,0.44315,2.3135,2.3682,2.6179,2.4021,0.43519,2.2983,2.8542,2.5052,0.5754,0.088292,0.62289,0.61225,0.68582,0.24446,0.046643,0.21754,0.19386,0.25257,606.12,299.66,540.79,336.96,260.4,437.41,0.07534,274.19,0
1.8187,0.72465,1.4667,1.9047,2.243,2.0182,0.44048,1.6519,1.9585,2.079,0.70118,0.08743,0.69271,0.74836,0.745,0.31102,0.055321,0.27895,0.2768,0.30459,534.95,271.96,489.48,341.38,225.01,2339.8,0.083738,281.69,0
0.47556,0.38033,0.20287,0.45023,0.66568,0.45056,0.2129,0.1468,0.49189,0.61279,0.41909,0.016733,0.35753,0.36441,0.35452,0.12463,0.031703,0.10471,0.12741,0.14852,579.77,301.84,648.43,261.88,141.64,339.03,0.059912,140.3,1
0.35044,0.72204,0.37111,0.50534,0.91967,0.51543,0.43769,0.21087,0.34,1.068,0.4752,0.046919,0.38549,0.4756,0.54736,0.19344,0.058175,0.12237,0.16325,0.13855,530.7,299,573.58,284.26,205.15,1402.2,0.068402,267.13,1
1.4311,0.86633,0.81355,1.2979,2.2248,1.4067,0.60906,1.0924,1.3235,1.834,0.48385,0.072129,0.51158,0.559,0.48447,0.23707,0.052204,0.17178,0.15525,0.22983,600.34,288.65,480.78,355.15,204.88,1803.3,0.057353,281.41,1
3.2795,0.84627,2.9401,3.1687,4.0245,3.3525,1.2214,2.4461,3.2352,4.0263,0.88702,0.18193,0.84081,0.97782,1.0272,0.35267,0.067247,0.33095,0.35542,0.42173,629.95,295.83,623.53,384.77,126.53,0.014013,0.095349,174.88,0
0.59071,0.45026,0.27222,0.54026,0.81357,0.50677,0.19948,0.29947,0.52975,0.7419,0.43096,0.026847,0.41062,0.41754,0.38413,0.14548,0.026406,0.15343,0.14536,0.13418,550.48,339.38,616.26,234.05,145.7,466.76,0.01852,170.78,1
3.2139,1.1531,2.664,3.4244,4.0599,3.6765,1.519,2.1699,2.7199,4.0838,0.72253,0.22755,0.59801,0.76591,0.88071,0.25801,0.08998,0.18029,0.25949,0.31685,514.75,280.31,597.55,346.49,174.95,9.1529,0.043266,257.7,0
1.1889,0.58309,1.0394,1.6925,1.875,1.5278,0.80156,0.9682,1.4822,1.8524,0.7608,0.095165,0.78343,0.7825,0.77333,0.30473,0.045667,0.3069,0.32391,0.34949,471.54,293.15,528.27,356.5,232.85,809.17,0.03711,220.36,0
0.13486,0.16734,0.0096714,0.068868,0.28144,0.059943,0.065478,0.0071544,0.059187,0.082278,0.39123,0.0018249,0.30985,0.41286,0.35296,0.11314,0.03523,0.097205,0.14482,0.14256,667.77,382.32,715.92,76.997,49.779,87.086,0.17448,46.409,1
2.1633,1.4019,1.4434,2.604,3.7087,2.5588,1.8531,1.6728,2.54,3.4689,0.68274,0.21268,0.52942,0.69769,0.77101,0.22899,0.093713,0.1749,0.27255,0.28059,552.96,282.05,489.9,372.04,207.35,78.903,0.058069,220.3,0
2.4513,1.4404,1.687,2.5767,3.6338,2.457,2.0078,1.2769,2.1012,3.846,0.81419,0.23149,0.7217,0.93059,1.0126,0.29473,0.090155,0.29869,0.35472,0.39208,588.08,297.48,616.28,397.38,161,0.19,0.10829,160.67,0
0.26665,0.14645,0.071115,0.22213,0.37607,0.19086,0.067181,0.066486,0.18267,0.21934,0.41134,0.0067228,0.36825,0.40143,0.33963,0.13938,0.03337,0.10727,0.15029,0.14616,664,345.23,679.13,146.26,82.561,104.36,0.18235,98.961,1
0.3374,0.36989,0.098203,0.33044,0.5586,0.1892,0.19762,0.14471,0.24254,0.50072,0.44951,0.015205,0.41448,0.34599,0.4177,0.14827,0.034273,0.1522,0.14325,0.14983,624.15,327.74,663.9,188.18,104.78,504.51,0.041648,96.833,1
0.59991,0.27459,0.27633,0.64375,0.80593,0.34685,0.28009,0.23668,0.38374,0.43092,0.39611,0.026628,0.37707,0.3769,0.39058,0.12698,0.02731,0.13248,0.15523,0.14651,596.69,286.76,605.48,227.6,91.811,407.34,0.10674,135.06,1
0.57723,0.18332,0.15113,0.48517,0.53378,0.25819,0.039226,0.1348,0.21323,0.29052,0.39414,0.00391,0.28031,0.32747,0.36581,0.12486,0.025652,0.096827,0.11457,0.10494,660.95,370.85,685.31,187.98,82.759,42.857,0.13485,84.873,1
3.3103,0.85136,2.8036,3.4382,4.1496,3.5484,1.0026,2.8634,3.2481,3.9372,0.80083,0.22563,0.6876,0.9288,0.92979,0.31675,0.099439,0.25788,0.33105,0.37392,586.02,317.32,608.93,284.29,157.45,0.92637,0.062553,172.6,0
3.517,1.5927,2.5281,3.4431,4.2605,2.9168,1.6926,2.4576,3.329,4.1935,0.67151,0.22391,0.63774,0.82061,0.83978,0.23861,0.08875,0.19448,0.28345,0.34576,576.93,271.93,624.51,365.94,173.61,9.9097,0.10825,212.66,0
1.9999,0.79505,1.5519,2.2751,2.6167,1.6701,0.82171,1.6022,1.9605,2.5557,0.57404,0.1405,0.51594,0.55348,0.56857,0.22036,0.057351,0.1683,0.24922,0.22824,522.04,272.02,508.11,285.29,213.82,1498.6,0.047052,266.43,0
0.58158,0.31156,0.15678,0.50388,0.74417,0.38439,0.12761,0.16861,0.41135,0.41587,0.38533,0.013405,0.38249,0.43618,0.35491,0.13665,0.024459,0.11309,0.12712,0.13973,642.7,335.95,654.96,237.35,88.735,209.55,0.034726,112.44,1
0.39018,0.41616,0.089383,0.39738,0.62699,0.22133,0.17544,0.096029,0.24579,0.47585,0.38918,0.014524,0.35025,0.40668,0.36254,0.13039,0.023571,0.11556,0.12064,0.12688,632.69,343.61,645.62,213.19,108.09,561.69,0.035472,124.15,1
3.5172,0.98135,2.6848,3.0953,4.0881,3.4667,1.1259,2.4978,3.2872,4.0705,0.70849,0.20513,0.62358,0.76897,0.90275,0.28717,0.087105,0.21787,0.28231,0.33837,561.23,300.37,548.04,352.19,249.08,22.615,0.06104,249.14,0
0.69412,0.38381,0.42299,0.78856,1.072,0.81512,0.35517,0.37654,0.477,1.0379,0.53486,0.046707,0.58247,0.50702,0.54537,0.20254,0.027748,0.22149,0.1955,0.21175,581.62,308.77,515.17,270.92,170.85,1236,0.066946,225.34,1
3.9187,0.3713,3.5904,3.8631,4.2269,3.925,0.40044,4.1493,4.2366,4.43,0.77664,0.12705,0.81265,0.83108,0.85086,0.32902,0.054534,0.3144,0.31931,0.3286,558.83,291.25,595.72,328.99,324.43,6.2639,0.10374,217.47,0
3.2151,0.96356,2.5891,3.363,3.9008,3.4719,0.89654,2.7165,3.4211,3.8161,0.76832,0.1976,0.66117,0.85189,0.8134,0.30197,0.083843,0.24974,0.3169,0.35553,561.95,305.43,644.16,345.03,200.9,6.2695,0.041343,185.33,0
3.456,1.1464,2.7075,3.2337,4.205,3.702,0.98314,2.9256,3.6342,4.3995,0.73267,0.18573,0.58962,0.79399,0.86135,0.27129,0.076528,0.24621,0.29642,0.33016,568.86,304.38,564.89,365.52,216.53,22.293,0.060157,212.46,0
2.9146,1.0388,2.3672,2.9887,4.1235,2.7819,0.80609,1.82,2.7405,3.4274,0.56269,0.17654,0.50805,0.51218,0.56883,0.23329,0.08788,0.15259,0.18217,0.2382,526.8,276.53,529.05,330.55,263.54,370.11,0.059725,250.54,0
0.69068,0.37859,0.31678,0.66385,1.0381,0.5174,0.22585,0.2269,0.54502,0.60789,0.33304,0.019978,0.30661,0.31964,0.32487,0.11945,0.04743,0.086849,0.1055,0.13154,599.71,333.29,641.35,206.64,81.418,175.11,0.10611,121.51,1
1.4023,0.50648,0.94129,1.1458,1.9377,1.5127,0.50569,1.2439,1.4369,1.7324,0.86357,0.13521,0.88513,0.93413,0.93428,0.36752,0.055653,0.35547,0.37232,0.41134,546.91,269.04,424.33,327.46,255.83,768.6,0.042153,219.09,0
0.60165,0.31409,0.26641,0.42785,0.75213,0.41936,0.17949,0.20389,0.49029,0.47946,0.36744,0.02385,0.37382,0.32857,0.32121,0.16334,0.030498,0.11338,0.13917,0.15135,659.52,341.54,666.31,198.18,122.32,271.58,0.058531,99.014,1
0.14683,0.14199,0.014756,0.085588,0.29348,0.094445,0.078547,0.016403,0.088061,0.094865,0.42599,0.0034775,0.34037,0.37629,0.37482,0.14137,0.030901,0.12099,0.1328,0.1433,649.61,309.36,686.84,151.26,79.201,147.47,0.34054,91.151,1
0.26902,0.11369,0.036813,0.20292,0.4421,0.098597,0.053182,0.03317,0.10308,0.15891,0.39746,0.0011609,0.27766,0.37253,0.24957,0.12999,0.023563,0.076125,0.11192,0.10706,680.52,351.13,722.3,129.83,52.125,33.446,0.16156,38.408,1
0.45555,0.19636,0.35479,0.65217,0.77315,0.42287,0.059739,0.29705,0.45778,0.39678,0.34425,0.021136,0.33058,0.34389,0.28863,0.10574,0.028679,0.091894,0.11028,0.11367,632.29,319.77,692.83,203.18,86.086,126.03,0.035289,105.15,1
2.8656,1.1445,2.207,2.9708,4.2403,3.1989,1.6467,1.9842,2.9446,3.8296,0.7704,0.22131,0.72341,0.8992,0.93946,0.2974,0.096383,0.25711,0.33839,0.38884,557.91,325.81,623.31,354.31,164.71,0.88208,0.13391,186.99,0
2.7521,0.69161,2.0971,2.3757,2.7054,2.376,0.76053,2.3309,3.1071,2.892,0.58989,0.092359,0.56298,0.56927,0.64565,0.24645,0.061391,0.20257,0.22341,0.26134,484.72,289.93,563.36,323.16,262.03,489.06,0.065729,315.32,0
0.94784,0.8439,0.58733,0.86036,1.4431,1.0651,0.91893,0.82016,1.5803,1.5594,0.52693,0.070237,0.581,0.59616,0.54199,0.2652,0.041321,0.18711,0.22467,0.1996,493.76,300.13,474.03,334.65,202.73,2578.8,0.033106,301.26,0
0.51471,0.38671,0.18425,0.43298,0.57498,0.40079,0.13451,0.13437,0.28255,0.3705,0.43229,0.0096454,0.34583,0.42013,0.36793,0.14144,0.031844,0.11471,0.11388,0.15122,646.48,348.52,642.95,176.36,107.38,246.15,0.070531,104.44,1
2.8533,0.72675,2.502,3.0568,3.7589,3.2096,1.2411,2.2577,2.6985,3.6818,0.86323,0.15424,0.86495,0.96896,1.016,0.36141,0.068471,0.34264,0.35642,0.4129,615.48,302.95,631.89,380.57,172.92,0.033416,0.057331,223.86,0
3.5892,1.0278,3.0339,3.4744,4.3566,3.4514,1.0767,3.1889,3.4285,4.5378,0.76362,0.20678,0.68695,0.82918,0.91661,0.27692,0.089688,0.26017,0.30046,0.34487,579.86,317.14,578.93,337.49,257.62,18.43,0.048726,269.55,0
0.13633,0.131,0.012781,0.18474,0.21348,0.054952,0.030409,0.013917,0.037312,0.071263,0.33726,0.0010303,0.28376,0.38353,0.28272,0.12229,0.032582,0.091001,0.11338,0.1386,684.03,368.88,713.49,65.649,35.914,46.057,0.19541,51.015,1
1.6234,0.62608,1.77,1.6729,1.8507,1.7153,0.51074,1.6072,2.1609,1.7678,0.44983,0.077879,0.5416,0.51005,0.47417,0.2103,0.04154,0.1649,0.19069,0.16313,542.66,296.98,531.99,320.05,251.89,822.72,0.05481,208.88,1
3.9021,1.4362,3.019,3.9182,4.7464,3.9352,1.1995,3.3792,3.6886,4.2147,0.57149,0.22122,0.45292,0.74781,0.8179,0.18839,0.10342,0.17059,0.21755,0.26123,488.23,290.58,617.15,326.84,265.84,5.0682,0.045841,194.84,0
0.7755,0.32744,0.75903,1.1413,1.2719,0.73749,0.13516,0.62553,0.77711,0.74318,0.39454,0.030014,0.37779,0.37894,0.33162,0.1151,0.027304,0.094699,0.12791,0.12712,661.04,322.54,684.34,241.65,88.915,130.19,0.06286,116.34,1
0.34469,0.28023,0.090787,0.26451,0.45135,0.13595,0.095957,0.080171,0.17872,0.24416,0.37918,0.0055138,0.31238,0.4135,0.28772,0.1435,0.030358,0.1002,0.13914,0.11295,661.96,356.81,639.81,123.85,67.61,180.05,0.021321,84.005,1
3.3184,1.6605,2.2626,3.2482,4.381,3.4394,2.0226,1.8603,3.1477,4.8044,0.77055,0.27145,0.73484,0.87613,0.94883,0.24546,0.11083,0.23067,0.32598,0.38505,545.35,297.89,635.51,329.27,176.27,1.7275,0.041679,167.92,0
1.8033,1.0948,1.0626,1.452,2.529,2.1149,1.4914,0.99854,1.7687,2.3877,0.7708,0.19278,0.78359,0.84752,0.91357,0.29233,0.085588,0.29168,0.31733,0.35676,471.11,270.65,475.27,286.5,257.03,630.14,0.024681,243.29,0
3.096,0.69578,2.8813,3.6637,4.0697,2.9744,1.1157,2.2496,2.9939,3.8133,0.8246,0.23501,0.84008,0.94147,0.98636,0.32163,0.095359,0.32515,0.34173,0.41384,618.19,322.39,629.24,354,174.42,0.096425,0.097818,198.74,0
0.38974,0.33901,0.12555,0.22117,0.42818,0.17991,0.21783,0.1013,0.22785,0.346,0.42039,0.014493,0.36335,0.41884,0.31757,0.1512,0.029327,0.14266,0.15248,0.15291,598.41,340.43,620.32,212.76,82.869,548.75,0.055652,93.548,1
3.6105,1.4145,2.6654,3.7656,4.7969,3.8957,1.9199,2.4973,3.4044,4.6822,0.82281,0.25108,0.71015,0.89238,0.97282,0.26386,0.10077,0.2237,0.32074,0.38515,570.01,305.73,609.93,346.49,152.58,0.35815,0.10599,131.99,0
1.4177,0.50707,1.068,1.4788,1.8312,1.3993,0.44903,0.88128,1.0436,1.4751,0.44021,0.094062,0.38252,0.4132,0.50996,0.15396,0.046998,0.11462,0.1812,0.15455,502.48,304,587.91,292.17,151.91,616.01,0.043053,217.57,1
1.1654,0.67812,0.65573,1.0734,1.9104,1.1472,0.47738,0.63582,1.0131,1.3421,0.465,0.081084,0.46069,0.44347,0.51002,0.13941,0.036774,0.15261,0.15216,0.16095,583.02,276.82,593.74,249.63,139.07,748.04,0.041033,205.48,1
1.8449,0.34576,1.8402,1.7102,1.8761,1.865,0.32676,1.8901,1.6809,1.7555,0.45062,0.044591,0.43315,0.44247,0.48601,0.20619,0.042189,0.17358,0.18325,0.19491,560.14,311.52,506.88,273.38,224.27,548.4,0.026045,190.64,1
3.1505,1.7025,1.9641,3.2026,4.2,3.0941,1.6012,2.0818,2.6318,3.7069,0.71223,0.26709,0.61977,0.80017,0.81949,0.28284,0.11682,0.18554,0.29861,0.35648,505.79,306.95,564.72,349.74,213.28,43.12,0.056504,174.58,0
0.46815,0.45434,0.21932,0.30682,0.57431,0.40086,0.23229,0.20882,0.29125,0.41086,0.40274,0.026765,0.47096,0.44345,0.38439,0.18725,0.04559,0.18761,0.16658,0.15937,537.72,324.63,563.43,192.77,179.64,1430.5,0.061488,237.42,1
0.23416,0.49734,0.04968,0.15706,0.41895,0.14758,0.12949,0.026399,0.10291,0.30369,0.37849,0.015511,0.34303,0.34043,0.30799,0.14153,0.040471,0.11179,0.11938,0.13185,620.36,322.2,675.33,204.22,112.09,685.51,0.040147,101.62,1
0.68118,0.22296,0.22748,0.59235,1.1188,0.36482,0.067658,0.23187,0.40621,0.40196,0.36557,0.0041381,0.3066,0.36651,0.28821,0.10999,0.028715,0.094025,0.09808,0.12094,680.02,359.17,697.66,187.4,58.307,37.736,0.054102,67.074,1
0.24384,0.22025,0.082728,0.18131,0.41795,0.2165,0.12549,0.05328,0.18139,0.23973,0.43197,0.010432,0.37781,0.37443,0.38734,0.14245,0.024864,0.13132,0.1445,0.15173,646.25,339.78,665.08,189.51,63.664,170.64,0.050401,70.29,1
1.8311,0.57654,1.3508,1.6441,1.9052,1.8217,0.50515,1.6535,1.7494,2.0859,0.43076,0.075847,0.454,0.48664,0.40972,0.17253,0.033276,0.16706,0.16487,0.2178,577.98,297.64,575.41,297.91,229.49,452.29,0.063355,200.82,1
0.46682,0.15784,0.20073,0.39721,0.47754,0.21544,0.048904,0.088253,0.23648,0.30771,0.35854,0.0055416,0.30307,0.37025,0.30817,0.12736,0.024191,0.09468,0.09845,0.1229,664.35,346.94,700.21,201.33,90.718,75.389,0.080301,64.871,1
1.6435,1.0376,1.3583,1.4628,2.0279,1.3421,0.59579,1.0674,1.6735,1.3029,0.37449,0.077505,0.40497,0.42978,0.47785,0.18267,0.048817,0.1473,0.16702,0.18456,565.56,270.75,567.7,301.86,217.27,589.29,0.039607,207.37,1
1.2169,1.0747,0.61179,0.98515,1.8823,1.1617,1.1,0.56256,1.1533,1.5926,0.61078,0.10322,0.65755,0.68098,0.6735,0.24852,0.057598,0.22487,0.2544,0.30245,578.76,262.78,476.95,301.1,265.77,1767.2,0.03908,235.46,0
2.0152,0.40994,1.3007,1.7349,2.044,1.5906,0.3591,1.8158,2.1436,1.9539,0.44598,0.058041,0.44197,0.48508,0.52293,0.18433,0.039328,0.14231,0.16182,0.17265,592.16,309.13,583.58,326.81,200.27,518.83,0.048979,270.65,1
2.121,0.39071,2.0683,2.5362,2.0896,2.1591,0.29456,2.2783,2.2646,1.9487,0.45189,0.11685,0.4722,0.49898,0.56809,0.21648,0.058062,0.1663,0.18036,0.19538,603.38,295.96,539.54,271.04,234.33,415.67,0.040287,195.79,0
3.033,0.68199,2.1635,2.7045,3.4036,3.1404,0.44986,2.7227,3.1148,2.9771,0.63943,0.11082,0.54305,0.60479,0.61216,0.20942,0.055117,0.15241,0.20926,0.24937,570.25,266.81,508.5,349.64,291.61,311.69,0.035539,270.23,0
2.4386,0.79879,2.4466,2.5858,3.7503,2.4296,1.2319,1.7198,1.9684,2.8114,0.88119,0.20076,0.84492,0.95679,1.0086,0.32669,0.083225,0.32403,0.3607,0.42578,602.8,280.64,605.77,365.32,148.09,0.061275,0.047806,163.57,0
3.0003,0.68894,2.5603,2.9149,2.9773,3.0622,0.45229,2.6593,3.039,3.249,0.54298,0.12221,0.50068,0.54748,0.59705,0.23708,0.059448,0.15117,0.20425,0.25675,587.54,289.58,562.5,371.49,226.87,181.5,0.042906,243.94,0
1.8452,0.93441,1.5195,1.9708,3.0479,1.843,1.3701,1.1829,1.9288,3.0986,0.82226,0.19773,0.81073,0.89672,0.95805,0.34441,0.088349,0.3177,0.35739,0.41676,552.46,309.65,563.33,331.45,183.11,20.434,0.028794,196.6,0
0.14747,0.17013,0.0089264,0.059646,0.26662,0.046577,0.047536,0.01128,0.066569,0.083436,0.43488,0.00094406,0.35207,0.3818,0.39759,0.131,0.030517,0.098362,0.13015,0.12873,669.8,371.33,702.52,118.4,51.713,46.633,0.2691,57.447,1
0.38566,0.19655,0.1544,0.3693,0.63091,0.26442,0.078248,0.11319,0.35133,0.37237,0.32459,0.010681,0.3202,0.31342,0.31209,0.13126,0.02983,0.091481,0.09821,0.12111,660.5,331.04,689.32,185.58,56.628,93.037,0.085138,96.132,1
2.5159,0.84703,2.3087,2.9724,3.5846,2.8939,1.1325,1.6242,2.6811,2.9904,0.87144,0.23123,0.82726,0.97315,1.0178,0.35037,0.090167,0.3066,0.35363,0.42134,603.32,294.82,681.86,364.4,131.29,0.01558,0.049411,139.65,0
0.24443,0.43662,0.085512,0.31142,0.5351,0.19221,0.26713,0.072754,0.1367,0.4077,0.40459,0.019758,0.39636,0.38547,0.43455,0.15113,0.039057,0.12242,0.14541,0.1755,587.5,314.77,609.76,173.13,119.99,1008.3,0.11173,123.79,1
1.462,1.1696,0.96746,1.2557,2.1907,1.3256,0.72261,0.82599,1.0872,1.9975,0.40975,0.10783,0.4658,0.47006,0.55027,0.16588,0.046674,0.16007,0.18403,0.20358,584.78,262.4,551.97,281.9,150.05,1369.5,0.089268,203.42,1
0.17018,0.33838,0.034061,0.14142,0.28136,0.087192,0.15561,0.030812,0.082172,0.1542,0.50334,0.0096013,0.43944,0.45206,0.35996,0.17606,0.029856,0.17948,0.16421,0.18039,614.5,328.65,683.25,118.52,56.788,333.62,0.10299,85.614,1
0.78236,0.21901,0.31267,0.57689,0.79857,0.47219,0.068356,0.26097,0.55195,0.48194,0.35963,0.0091147,0.35827,0.3668,0.36858,0.12486,0.025968,0.10997,0.13888,0.13491,667.21,338.53,690.72,262.5,78.225,78.066,0.12726,111.26,1
3.2746,1.757,1.9179,3.424,4.2372,2.8834,2.0937,1.5765,2.6188,4.5576,0.63581,0.27739,0.50646,0.78934,0.8256,0.21479,0.11019,0.17477,0.29249,0.31733,509.58,303.17,510.55,325.2,176.05,79.941,0.1033,266.9,0
3.1891,1.2174,2.6547,2.873,4.1932,3.0314,1.4947,2.0506,2.9854,4.1005,0.8993,0.21924,0.8303,0.95244,0.98256,0.35825,0.084434,0.30027,0.36207,0.42341,603.63,273.97,561.99,385.27,183.8,3.3465,0.052382,216.71,0
2.0397,1.1006,1.4139,1.8468,2.1282,1.8937,0.8914,0.96122,1.285,2.955,0.43154,0.11211,0.43002,0.50014,0.58614,0.2005,0.04821,0.12662,0.15943,0.19308,508.64,294.85,585.4,263.02,231.92,842.74,0.04711,287.06,1
2.6905,0.95907,2.1349,2.6439,3.3905,2.9447,1.0853,2.1499,2.8867,3.9646,0.56025,0.20519,0.49416,0.62163,0.82938,0.2178,0.085442,0.14665,0.25764,0.27072,568.46,288.51,512.52,301.39,199.19,187.97,0.037483,232.33,0
2.8121,0.5311,2.9173,3.1327,2.9734,3.1352,0.29072,3.2101,2.946,2.4201,0.34137,0.075933,0.33213,0.35324,0.36591,0.11355,0.040814,0.078569,0.13323,0.14013,613.58,282.8,583.87,334.16,229.5,93.083,0.052899,184.41,1
3.3461,1.3893,2.658,3.4825,4.3805,3.2468,1.5496,2.3056,3.0501,4.1707,0.76241,0.24547,0.64548,0.88501,0.95788,0.2775,0.10768,0.21245,0.31037,0.3732,568.7,300.87,575.55,355.73,211.8,3.0274,0.058261,240.43,0
3.6569,0.8146,3.4394,3.6909,3.9809,3.8882,0.96767,3.5661,3.7513,4.5656,0.74156,0.17292,0.72621,0.78576,0.92139,0.29625,0.06936,0.28416,0.32683,0.35096,576.27,304.19,600.29,324.45,200.2,3.0515,0.053623,214.18,0
0.65304,0.21862,0.2925,0.47604,0.63749,0.32836,0.07762,0.23681,0.46435,0.40945,0.36019,0.0093784,0.35123,0.33181,0.28659,0.1227,0.022382,0.10701,0.11297,0.13425,629.35,337.75,680.33,213.61,78.997,83.298,0.17024,88.807,1
0.41189,0.35614,0.16831,0.45381,0.7581,0.4586,0.22309,0.26579,0.45054,0.47521,0.40626,0.028221,0.4056,0.40249,0.41393,0.15441,0.036293,0.12929,0.16479,0.15433,605.74,352.42,630.76,174.98,81.626,267.29,0.1374,105.84,1
3.0374,0.98968,2.724,2.9398,3.267,3.079,0.71542,1.6665,2.2029,3.2977,0.47745,0.1436,0.42724,0.49156,0.61857,0.15395,0.057415,0.078708,0.17223,0.19518,562.38,295.6,505.59,329.91,215.92,182.04,0.046519,254.55,1
0.51591,0.13813,0.24587,0.54556,0.57087,0.30578,0.064427,0.26469,0.38346,0.35031,0.30482,0.0053126,0.26918,0.32657,0.27699,0.12072,0.022595,0.082636,0.11398,0.12482,660.04,335.87,694.26,196.35,72.72,39.549,0.098722,94.647,1
1.4314,0.74157,0.64818,1.0004,1.5122,1.5141,0.79509,0.57045,1.1726,1.2998,0.46693,0.081955,0.3481,0.47379,0.51878,0.151,0.045122,0.12263,0.19677,0.14457,504.68,266.53,579.29,311.52,144.13,464.11,0.052425,189.93,1
1.0042,0.36296,0.75556,0.7995,1.3121,0.78252,0.82049,0.43837,0.54139,1.12,0.93937,0.11978,0.93128,0.99609,1.034,0.39723,0.052409,0.37675,0.39811,0.44329,612.65,240.79,574.13,396.18,171.05,3.4986,0.044578,194.84,0
0.55725,0.39492,0.3235,0.57319,0.72341,0.64827,0.20069,0.2892,0.429,0.83171,0.43887,0.02561,0.39389,0.33651,0.37355,0.15961,0.036204,0.13588,0.15584,0.16397,514.1,322.25,598.22,242.6,121.51,540.93,0.040766,171.84,1
2.2337,1.3027,1.501,2.5537,2.9361,2.1761,1.2277,2.0095,2.056,3.0314,0.63642,0.14684,0.65746,0.67391,0.77308,0.29306,0.063867,0.25151,0.28468,0.29549,500.92,275.25,452.89,315.22,193.81,332.59,0.043745,271.62,0
1.2471,0.39475,0.9476,1.3224,1.5697,1.0933,0.46458,0.87494,1.0871,1.8258,0.30732,0.01638,0.25913,0.20194,0.24632,0.067914,0.021766,0.067163,0.099465,0.12571,591.39,346.58,580.43,268.33,129.5,172.21,0.076235,122.94,1
2.3957,0.86186,1.7413,2.2892,3.0181,2.2122,0.94044,1.5524,2.1443,2.5044,0.80985,0.17682,0.78785,0.91204,0.90245,0.33522,0.083734,0.32326,0.35396,0.3895,563.42,300.31,531.14,295.92,207.68,400.89,0.039991,204.61,0
1.6108,1.373,1.0537,1.8038,2.2979,1.4154,0.96844,0.90551,1.7819,2.521,0.4533,0.13505,0.33565,0.45497,0.49216,0.12409,0.046939,0.095174,0.18385,0.20361,590.37,280.84,612.59,278.39,116.89,258.14,0.087218,184.57,1
1.7254,0.24722,1.8129,2.2463,1.8342,1.4679,0.083673,1.2624,1.4359,1.248,0.31143,0.021852,0.28789,0.32474,0.2801,0.11221,0.022582,0.058479,0.10471,0.094687,638.39,318.89,634.54,318.19,150.96,87.811,0.02869,121.58,1
0.88308,0.23145,0.46777,1.0285,1.0255,0.49886,0.1273,0.51832,0.95243,0.7583,0.30422,0.016989,0.25917,0.31866,0.31775,0.11124,0.03022,0.086303,0.10334,0.11312,638.28,328.15,667.7,258.58,116.65,220.43,0.12343,185.54,1
0.20672,0.15478,0.029178,0.13924,0.26232,0.059911,0.045745,0.022397,0.10188,0.088948,0.43602,0.0058826,0.38916,0.36902,0.35592,0.15074,0.024543,0.13362,0.1532,0.14981,652.92,344.87,652.65,109.67,53.968,198.01,0.050774,56.982,1
1.5163,0.7249,1.1938,1.358,1.9053,1.3475,0.57205,1.0516,1.5228,1.9458,0.37056,0.086766,0.30211,0.41371,0.35645,0.14008,0.042988,0.1095,0.11954,0.15495,581.96,315.66,616.28,285.85,180.26,338.41,0.074892,198.21,1
3.3449,2.0665,2.6181,3.6837,5.0381,3.6495,2.1648,1.9053,3.2273,4.879,0.71939,0.29387,0.55341,0.83344,0.87319,0.18526,0.11922,0.16012,0.26636,0.32284,589.84,290.38,625.23,344.2,174.19,2.7377,0.14802,182.68,0
0.26684,0.47392,0.064737,0.23745,0.60131,0.34827,0.20339,0.091806,0.25634,0.51046,0.4944,0.014015,0.40588,0.423,0.52128,0.15081,0.035217,0.11936,0.13609,0.12638,627.76,306.91,684.27,257.5,119.19,279.83,0.057276,141.91,1
1.9499,0.5387,1.5274,1.8373,1.6623,1.3378,0.22067,1.3912,1.3179,1.5554,0.34985,0.039183,0.32393,0.38014,0.38185,0.095876,0.035097,0.088019,0.11132,0.12599,621.38,307.67,626.68,256.41,171.38,150.18,0.073501,162.58,1
1.5762,0.65497,1.3976,1.8265,1.8698,1.7491,0.52765,1.1501,1.7514,1.9507,0.49599,0.067965,0.45674,0.37984,0.47123,0.16862,0.03598,0.13803,0.15589,0.16144,560.33,256.88,478.25,372.68,173.06,710.98,0.034253,213.28,1
