0.37056,0.16988,0.22396,0.38303,0.68819,0.36781,0.19867,0.48072,0.31056,0.42031,0.68266,0.11329,0.64417,0.66713,0.6353,0.20965,0.046322,0.20114,0.24104,0.24713,396.53,565.24,385.87,519.24,61.11,493.23,0.040824,67.286,1
0.54983,0.26599,0.28576,0.50281,0.85981,0.40745,0.25426,0.31974,0.3594,0.52397,0.56455,0.06557,0.56389,0.60495,0.61149,0.18991,0.031432,0.17114,0.21651,0.21706,302.92,540.11,261.98,527.16,53.176,306.14,0.020754,60.867,1
4.4073,0.72703,4.2924,5.0896,5.0506,4.4467,0.41335,4.2079,4.6605,5.0565,0.44561,0.1826,0.42364,0.59663,0.61711,0.1433,0.070865,0.12251,0.15702,0.18268,326.85,513.01,294.13,622.13,235.94,75.339,0.037682,223.74,0
2.9612,0.74737,2.9099,3.538,3.6374,3.29,0.69052,2.8165,3.5,3.8232,0.45605,0.18734,0.37057,0.46623,0.53233,0.13441,0.06733,0.11075,0.15222,0.18669,248.44,551.07,280.52,579.26,188.54,178.32,0.0087073,197.5,0
0.73465,0.18678,0.40277,0.61214,0.77827,0.71561,0.21335,0.67657,0.49442,0.51068,0.69284,0.057937,0.66734,0.6422,0.66582,0.20525,0.028733,0.20498,0.20526,0.22573,252.99,537.43,225.68,534.09,84.516,442.68,0.0349,109.74,1
0.23181,0.1022,0.085406,0.11259,0.29494,0.23397,0.11496,0.14738,0.12947,0.16239,0.61098,0.063906,0.56606,0.62383,0.63371,0.19687,0.042356,0.18047,0.21835,0.22897,363.1,556.81,342.7,493.5,28.623,331.96,0.01897,39.039,1
0.59894,0.52658,0.61188,0.89792,1.7878,0.62821,0.33913,0.76792,1.4584,1.1626,0.58538,0.1131,0.59277,0.64964,0.68612,0.18649,0.058354,0.17892,0.22418,0.21387,307.74,525.92,360.13,487.81,95.524,534.01,0.014705,116.89,1
3.4712,1.0632,3.6772,2.9083,3.5876,3.0285,0.49207,2.7618,3.8047,3.4188,0.54341,0.089663,0.63551,0.63518,0.55852,0.18259,0.038837,0.1896,0.19062,0.20943,168.52,561.5,187.19,591.61,199.24,12.189,0.026202,183.84,0
1.3135,0.37582,0.66468,1.1294,1.4234,0.66502,0.53128,0.72554,0.88807,1.252,0.61799,0.14065,0.60974,0.63227,0.59793,0.20386,0.044576,0.20719,0.19086,0.22252,326.47,538.44,316.35,502.12,125.37,436.98,0.037446,160.05,1
2.3822,0.90494,2.0313,2.9933,2.9088,2.2112,1.0068,1.9982,2.5831,3.2047,0.55545,0.16372,0.61913,0.70337,0.61105,0.20379,0.070408,0.15773,0.2052,0.19857,217.58,619.59,289.25,550.7,245.91,109.09,0.031545,268.98,0
2.1125,0.68163,1.8965,2.1046,3.234,2.1304,0.68002,2.2589,2.2531,2.6606,0.45186,0.13931,0.49527,0.52401,0.55149,0.15938,0.060908,0.11904,0.16234,0.21433,244.29,625.03,282.63,528.2,180.25,323.43,0.014769,227.17,0
3.1358,0.72025,3.0877,3.7585,4.4336,3.8896,0.45854,3.3223,4.0208,3.4965,0.54842,0.19173,0.48081,0.64592,0.6632,0.13503,0.062603,0.13751,0.19584,0.2033,285.64,537.97,290.74,527.49,227.63,301.87,0.021114,207.19,1
1.8405,0.60055,0.85302,1.9758,2.4055,1.3768,0.52988,1.6141,1.636,1.7749,0.45672,0.14131,0.38603,0.5155,0.66241,0.19308,0.045897,0.12965,0.19267,0.18669,193.78,530.43,149.97,557.06,125.35,305.84,0.030593,131.45,0
2.6589,0.55657,1.4261,2.0604,2.5508,2.8451,0.70316,1.698,2.3632,2.5114,0.45622,0.12286,0.40046,0.45688,0.54359,0.15395,0.056923,0.11779,0.18249,0.18803,205.6,572.32,193.09,576.13,151.68,388.79,0.03227,150.47,0
3.995,0.99606,3.6188,2.9955,3.4588,3.5945,0.52441,2.0339,3.3868,4.7741,0.67188,0.078012,0.77426,0.77605,0.79057,0.26054,0.040272,0.21525,0.24446,0.25362,271.95,554.43,277.74,677.7,252.4,0.62048,0.042333,215.86,0
3.3059,0.7096,3.4745,3.949,3.92,3.6068,0.37194,3.3138,3.8656,4.0473,0.54751,0.12943,0.56465,0.60789,0.65833,0.20641,0.049017,0.15722,0.20169,0.19285,230.8,548.81,190.26,591.04,199.16,20.8,0.031973,180.07,0
1.2508,0.29793,0.87611,1.2857,1.6411,1.0042,0.31761,1.6129,1.1593,1.2742,0.56259,0.14904,0.4884,0.61857,0.67602,0.18737,0.04755,0.14769,0.17565,0.2156,320.53,531.76,341.21,552.51,123.03,427.61,0.027311,131.59,1
0.97754,0.33149,0.72143,1.3083,1.345,0.99099,0.44125,1.1277,1.0464,1.2038,0.56992,0.10034,0.54434,0.59357,0.61591,0.18117,0.048824,0.16043,0.18248,0.22108,302.25,555.38,322.45,531.14,120,472.01,0.036791,146.44,1
3.1994,0.82948,2.7033,3.2631,3.5254,2.3866,0.60964,1.8395,3.0656,3.8733,0.55817,0.11413,0.62953,0.72298,0.65336,0.22583,0.052834,0.18247,0.21442,0.24398,235.24,559.07,276.86,577.84,217.54,16.701,0.016476,236.04,0
3.4354,0.97621,2.8811,2.7354,4.067,3.2091,1.0933,1.7795,3.3441,4.1405,0.63733,0.18809,0.54607,0.75106,0.73392,0.21576,0.077925,0.15133,0.20259,0.2352,306.2,627.68,335.29,586.08,276.86,43.244,0.016557,275.98,0
4.0046,0.8028,2.7104,2.7465,3.552,2.1951,0.85617,2.2832,3.0973,3.6194,0.55293,0.16593,0.47766,0.65019,0.62347,0.15257,0.065504,0.1409,0.16735,0.23619,222.05,605.39,266.96,602.98,238.67,17.904,0.020926,249.29,0
0.15478,0.089984,0.028573,0.072921,0.16733,0.071589,0.1188,0.038687,0.053337,0.061005,0.68019,0.034167,0.72383,0.72945,0.72946,0.24044,0.028649,0.24094,0.24327,0.25601,333.44,587.43,271.57,471.22,25.948,617.02,0.022156,47.795,1
1.1167,0.3492,0.63538,1.2189,1.6657,1.018,0.33925,0.88275,1.0376,0.92093,0.40665,0.077218,0.42369,0.47603,0.47354,0.13049,0.04716,0.13378,0.15639,0.17844,186.3,501.78,153.37,435.33,59.137,349.11,0.038069,81.39,1
5.0269,1.1374,5.2762,4.4818,5.462,5.4756,0.22213,3.8873,4.9056,5.7442,0.83357,0.055804,0.8069,0.93085,0.92522,0.29557,0.026194,0.26606,0.2898,0.32737,395.41,571.66,230.55,691.87,254.69,0.03675,0.0072553,209.79,0
2.7272,0.7903,1.9408,2.4251,3.2898,2.518,0.8632,2.0528,3.181,3.7832,0.62311,0.16321,0.62453,0.65595,0.74674,0.20613,0.057545,0.15777,0.21576,0.23587,180.47,589.95,248.55,607.38,265.19,244.05,0.014989,227.64,0
2.0239,1.2888,2.9774,2.2792,3.1455,2.5574,1.0123,1.0529,1.8366,3.2788,0.67863,0.11801,0.78448,0.80972,0.81204,0.25518,0.047202,0.21021,0.24047,0.26762,243.57,549.75,242.97,625.77,264.56,6.2851,0.026757,269.52,0
0.21362,0.13755,0.074304,0.14223,0.35269,0.21778,0.21183,0.10174,0.15086,0.19092,0.66054,0.072559,0.63996,0.66124,0.69854,0.22491,0.035033,0.21664,0.24248,0.26577,335,532.46,230.58,552.64,42.325,340.2,0.029936,62.255,1
2.5341,0.44811,1.8339,2.4607,2.4928,1.8148,0.46669,1.6113,1.9733,2.5475,0.46737,0.12242,0.40421,0.54826,0.5436,0.15221,0.049088,0.11217,0.15303,0.18671,237.61,569.76,317.53,598.86,166.5,151.74,0.027634,198.83,1
4.2635,1.1941,3.778,4.4599,4.5003,3.1562,0.55008,2.7577,4.3414,4.7683,0.67822,0.15002,0.59574,0.77307,0.7662,0.2209,0.046858,0.16932,0.21177,0.23037,346.3,561.85,342.59,618.62,247.83,9.7538,0.020551,267.45,0
4.1648,0.96182,4.2942,4.1049,4.7632,4.2567,0.38966,2.9987,4.8693,4.7167,0.68969,0.12936,0.73895,0.84365,0.80351,0.26079,0.041359,0.19805,0.24002,0.26554,382.91,624.22,298.99,626.73,268.14,0.84271,0.01982,253.15,0
2.9201,0.82956,2.5032,3.5115,3.7606,2.6046,0.80818,2.3102,2.6311,3.5452,0.48105,0.13667,0.44228,0.53374,0.56527,0.13774,0.064046,0.12299,0.1402,0.17526,232.26,523.82,254.97,572.71,169.93,340.02,0.024889,188.9,1
3.6226,0.87301,3.3762,3.8141,4.2206,4.0044,0.51111,2.8982,3.8809,3.7931,0.55163,0.11254,0.50923,0.63567,0.67308,0.20952,0.032968,0.15482,0.16185,0.23055,188.81,578.93,173.6,629.82,221.66,33.857,0.0081981,195.84,0
1.8043,0.52614,2.2086,1.9757,2.8797,1.9125,0.53477,1.942,2.2502,2.0512,0.5205,0.15369,0.49606,0.56962,0.55391,0.15444,0.046745,0.1573,0.17453,0.1896,215.49,571.05,309.12,467.92,135.84,540.73,0.024605,192.13,0
5.973,1.042,5.8092,5.5373,5.4867,5.7125,0.23474,5.1945,5.7072,5.9056,0.74367,0.12942,0.64456,0.8646,0.89027,0.269,0.048072,0.21659,0.26597,0.29221,422.17,580.13,307.4,695.69,263.53,0.19232,0.012718,218.82,0
4.4504,1.1303,4.925,4.4334,4.4265,5.0933,0.43452,3.6109,4.5674,5.5484,0.80581,0.1156,0.79533,0.86992,0.9125,0.2706,0.051564,0.2338,0.25748,0.30837,394.34,585.04,309.78,682.91,289.13,0.29632,0.045103,237.8,0
5.2129,0.93959,5.3995,5.1005,5.3858,5.1846,0.17189,4.9137,5.3131,5.6404,0.75663,0.083159,0.67768,0.84128,0.82318,0.23327,0.037403,0.20916,0.22047,0.26504,386.64,560.38,230.24,656.99,256.21,0.32337,0.018633,223.44,0
0.26092,0.11039,0.079411,0.15396,0.41353,0.23289,0.12555,0.10756,0.10894,0.19419,0.69342,0.058105,0.60262,0.71003,0.69595,0.22072,0.031986,0.20446,0.22191,0.24592,285.76,560.14,264.75,507.07,31.459,508.4,0.035409,58.03,1
3.0792,0.56433,2.6564,3.4854,4.4165,2.5215,0.46144,2.8693,2.9925,3.9096,0.39402,0.13777,0.38384,0.42615,0.5504,0.1283,0.042637,0.10478,0.16398,0.13858,273.78,574.16,252.75,557.78,172.17,285.1,0.053016,154.71,0
4.8213,0.70879,3.8712,4.3474,5.0276,4.3212,0.54599,3.7706,4.8449,4.7169,0.53895,0.14153,0.52745,0.59818,0.65084,0.19453,0.044891,0.14518,0.1821,0.20552,319.2,576.8,303.49,585.18,213.85,62.907,0.02549,197.41,0
1.149,0.34611,0.68483,1.2094,1.4575,0.90995,0.29289,0.82232,0.80136,0.98007,0.54335,0.1083,0.43463,0.54262,0.52053,0.16523,0.042555,0.13602,0.17656,0.19354,352.18,533.54,262.32,566.34,73.418,216.98,0.02637,107.55,1
1.2418,0.44273,0.82074,1.2754,1.7083,1.5075,0.52781,0.88866,0.97253,1.4427,0.52327,0.14837,0.45956,0.64432,0.60962,0.18397,0.056311,0.14583,0.18154,0.20711,277.91,533.74,353.09,506.19,140.11,395.31,0.01976,142.14,1
4.2235,1.0742,4.453,3.6375,4.76,3.7853,0.6737,2.7439,4.1338,4.6162,0.62981,0.10366,0.71904,0.7763,0.79234,0.24891,0.041523,0.2129,0.24341,0.27162,290.71,556.54,208.78,621.86,217.59,1.856,0.016444,212.17,0
3.9472,1.275,3.5364,3.5065,4.2817,3.4388,0.92575,2.5502,3.9124,4.7759,0.7801,0.18773,0.76871,0.89298,0.89031,0.25698,0.065071,0.2205,0.2556,0.28072,348.86,582.04,312.61,633.34,284.84,3.9671,0.012741,296.1,0
4.6482,1.5247,4.4002,3.732,4.4344,4.7174,1.0157,2.1161,3.7202,5.5591,0.88531,0.093668,0.90546,0.95589,0.93028,0.31759,0.034587,0.30875,0.30859,0.33553,402.62,577.34,264.85,654.56,326.39,0.047633,0.040528,296.73,0
5.8838,1.2426,5.993,5.4217,5.5641,5.8851,0.16298,4.7702,5.5042,5.7251,0.88849,0.056104,0.93405,0.97502,0.96227,0.33386,0.025606,0.31215,0.2893,0.34575,428.71,491.13,251.15,681.46,298.58,0.0001784,0.03959,237.81,0
3.6864,0.60427,3.0993,4.1625,4.1003,3.0291,0.51315,2.5846,3.9282,4.1776,0.44717,0.13468,0.45149,0.4897,0.54193,0.1709,0.05772,0.1364,0.18703,0.18642,151.52,530.14,156.33,547.85,179.11,158.01,0.019452,158.8,0
4.5467,0.85097,4.0362,4.2509,4.7972,4.6948,0.34606,3.3916,4.804,4.6762,0.66114,0.12722,0.54723,0.73699,0.74047,0.23287,0.050074,0.17969,0.22714,0.23413,312.97,584.76,212.97,633.13,198.4,5.0944,0.0054733,194.21,0
0.16574,0.086682,0.072863,0.22661,0.14392,0.25688,0.11221,0.11733,0.17685,0.14786,0.75038,0.064662,0.71083,0.74923,0.76211,0.23693,0.031636,0.23883,0.25809,0.25184,374.92,557.7,330.22,528.17,55.761,357.15,0.02741,83.437,1
3.8653,0.63333,3.2196,3.961,4.261,3.4594,0.61912,3.53,3.9091,3.6248,0.45147,0.1695,0.38792,0.45811,0.53434,0.14463,0.063914,0.093451,0.13718,0.17379,301.75,581.29,272.51,567.19,211.06,157.29,0.0078415,176.08,0
2.2097,0.4733,1.4861,2.5574,2.9033,2.1436,0.49125,2.9362,2.0477,2.0992,0.47763,0.096675,0.38233,0.52471,0.5489,0.14854,0.041424,0.17134,0.19702,0.15268,257.47,486.27,289.72,495.9,94.374,291.42,0.056377,111.62,1
1.8588,0.72095,2.2992,3.3285,3.5622,1.6385,0.4091,2.4227,2.6052,2.8761,0.55272,0.088577,0.56663,0.47306,0.45393,0.19249,0.044282,0.1707,0.18159,0.19927,88.544,567.96,146.73,576.44,173.24,151.29,0.012776,108.45,0
0.43807,0.23214,0.17154,0.2431,0.51932,0.29409,0.31468,0.22572,0.3267,0.5477,0.66152,0.062163,0.66023,0.69357,0.70501,0.24602,0.030271,0.22201,0.24492,0.2613,318.2,588.84,288.64,577.45,57.288,466.6,0.044074,81.266,1
2.3266,0.49308,1.2512,1.7747,2.5172,1.7374,0.48979,1.847,2.5303,2.2147,0.53431,0.1289,0.45837,0.59999,0.59118,0.20262,0.050397,0.14612,0.19644,0.20524,211.4,591.82,277.83,525.04,123.61,207,0.017833,135.11,0
2.0722,0.29812,0.96511,2.1447,2.3487,1.6135,0.24276,1.7504,1.67,1.8749,0.46181,0.15219,0.39926,0.55308,0.60668,0.1642,0.054593,0.12212,0.16621,0.19093,293.28,576.3,262.91,544.07,104.71,254.7,0.013093,106.05,1
0.8811,0.35516,0.58472,1.0743,1.1913,0.92676,0.36619,0.83901,1.0417,0.94109,0.56867,0.099336,0.51024,0.57521,0.51283,0.16455,0.045185,0.17154,0.21742,0.19643,291.66,530.07,249.18,537.24,82.876,312.6,0.02959,112.28,1
2.2426,0.51627,1.4044,2.4186,2.5107,1.6488,0.38032,1.6925,1.4697,2.1621,0.42996,0.11609,0.37505,0.49988,0.54237,0.1454,0.054109,0.12742,0.17878,0.17782,217.85,480.07,196.1,545.39,121.25,266.85,0.043495,130.14,0
5.4358,1.2028,4.8467,4.3281,5.8698,5.3045,0.44251,3.4295,4.9848,5.69,0.84899,0.10086,0.80786,0.90021,0.85047,0.29218,0.036842,0.26115,0.26017,0.31393,429.63,599.36,311.56,667.51,296.48,0.16514,0.0083327,262.43,0
4.0958,1.1606,3.063,2.8749,4.0499,3.863,0.75846,2.0738,3.6432,4.6755,0.72212,0.089466,0.70265,0.75964,0.70736,0.24645,0.044122,0.21785,0.24771,0.26884,327.37,571.08,315.86,634.97,281.15,5.4466,0.014705,269.81,0
1.3893,0.35739,0.55293,1.4157,2.3283,1.0235,0.37087,1.4251,1.1339,1.1902,0.57391,0.088795,0.48624,0.55176,0.58545,0.16269,0.039756,0.1618,0.19023,0.19503,245.92,561.1,195.87,529.12,116.9,298.95,0.009625,137.45,0
3.2407,1.2051,2.9284,2.9681,3.2699,2.9422,0.96809,2.209,3.0807,4.3895,0.78183,0.12424,0.74643,0.84681,0.86582,0.25219,0.053312,0.221,0.25192,0.29696,320.01,604.55,297.99,680.91,278.31,1.3168,0.010144,267.85,0
0.502,0.18189,0.50676,0.69587,1.2728,0.54277,0.14247,0.5708,0.70475,0.70566,0.56514,0.099068,0.58171,0.6488,0.63248,0.18662,0.043504,0.18044,0.19073,0.22638,384.66,550.07,346.24,550.47,57.346,282.27,0.016775,75.952,1
2.178,1.1644,1.9703,2.3041,2.6679,1.4497,1.2102,0.75691,1.743,2.7266,0.6886,0.13103,0.74173,0.74633,0.77479,0.24827,0.057773,0.20994,0.25842,0.25715,199.67,601.62,202.81,631.1,259.05,36.454,0.028266,259,0
1.7654,0.61794,1.4782,2.2208,2.9151,2.496,0.641,2.4628,2.256,2.4551,0.48132,0.13794,0.47216,0.4748,0.57752,0.16483,0.065154,0.09567,0.15843,0.17924,151.45,543.19,199.54,564.23,122.06,302.67,0.048961,123.48,0
3.768,0.8157,3.4509,4.207,4.4758,4.2814,0.37841,3.5559,4.0108,4.3154,0.46973,0.17909,0.56865,0.63628,0.68049,0.20499,0.060266,0.1411,0.14159,0.19778,227.38,551.51,161.26,545.34,206.74,85.044,0.024242,219.6,0
6.0832,1.3892,5.7965,5.4397,5.9394,5.6462,0.53725,4.9361,5.7476,6.1247,0.86958,0.15034,0.84528,0.98602,0.98029,0.30807,0.043874,0.26519,0.28663,0.34092,449.45,582.91,364.05,706.53,328.22,0.010704,0.039334,319.3,0
3.6772,0.95141,3.0045,3.2285,3.9893,3.1029,0.86465,2.192,3.5038,3.7309,0.64344,0.19499,0.60772,0.81664,0.8079,0.2065,0.066525,0.15664,0.21516,0.2612,314.89,539.37,297.07,608.83,259.16,18.515,0.0227,269.56,0
5.5264,0.99333,5.0851,5.1239,5.2189,5.4827,0.28431,4.1315,5.2689,5.5774,0.78456,0.11339,0.78645,0.91783,0.83273,0.30218,0.037507,0.26151,0.26526,0.30267,394.54,543.54,207.6,681.03,253.74,0.24468,0.05725,212.25,0
5.0805,0.46178,4.3397,4.1041,4.7866,4.2763,0.2894,4.3191,4.5815,4.6357,0.57428,0.15236,0.53035,0.6759,0.71948,0.21019,0.043358,0.15229,0.17453,0.1765,283.53,544.34,207.63,538.17,204.68,16.36,0.011147,163.25,0
4.8905,0.81333,4.4089,4.5675,5.2354,4.9187,0.35232,4.2663,4.8933,5.3418,0.68532,0.13083,0.69462,0.75076,0.78,0.22799,0.047015,0.18393,0.24623,0.24891,367.84,557.92,283.67,624.75,266.93,20.067,0.013658,268.25,0
2.9775,0.76454,2.4559,3.5195,2.8461,2.7964,0.62348,2.6907,3.1077,3.2986,0.45822,0.14311,0.46248,0.59841,0.64511,0.17799,0.054732,0.14354,0.19938,0.18782,191.29,535.24,213.01,515.49,192.01,189.4,0.020095,182.87,0
0.33004,0.1542,0.28035,0.282,0.78247,0.4416,0.16758,0.38391,0.39918,0.48874,0.58915,0.069376,0.54961,0.65705,0.63857,0.21264,0.035294,0.17776,0.20363,0.23259,317.12,578.45,261.85,539.42,41.034,402.49,0.02557,59.31,1
0.10241,0.055514,0.017481,0.039675,0.082944,0.090059,0.14963,0.028084,0.043768,0.057479,0.79257,0.04155,0.79239,0.72522,0.77818,0.27385,0.030224,0.26058,0.28404,0.29625,377.77,544.25,302.39,578.19,22.478,482.67,0.042327,36.527,1
5.7502,1.1289,6.1752,5.8093,5.9229,5.7025,0.13953,5.2876,5.9776,6.056,0.82655,0.079079,0.7883,0.9342,0.91472,0.29679,0.028442,0.26731,0.25786,0.32677,432.44,551.13,270.77,700.6,282.35,0.023192,0.01804,245.13,0
5.6697,1.2667,5.6352,5.0512,5.4343,5.5713,0.41374,4.2466,5.3136,5.9711,0.86483,0.13196,0.87282,0.97817,0.96559,0.3082,0.047592,0.27641,0.29444,0.32378,445.26,571.82,364.89,715.35,335.88,0.015164,0.015462,332.77,0
5.2817,1.0813,5.3094,4.5662,4.53,5.1617,0.25163,3.7248,4.6298,5.1728,0.7655,0.082557,0.78105,0.87542,0.8954,0.29265,0.028678,0.2382,0.25684,0.31299,365.54,533.39,231.99,672.57,251.8,0.14218,0.011805,251.99,0
0.45192,0.2362,0.28496,0.59083,0.68411,0.38096,0.22622,0.38245,0.65261,0.68394,0.54816,0.11652,0.534,0.59775,0.61139,0.16854,0.053472,0.15038,0.20523,0.21486,342.76,529.02,313.86,538.58,60.43,344.73,0.028271,100.19,1
1.5725,0.30314,1.0355,1.4667,1.822,1.5874,0.28935,1.8281,1.2404,1.1387,0.52482,0.13667,0.45579,0.58836,0.63902,0.156,0.05558,0.13026,0.17406,0.19686,331.21,572.12,348.02,507.9,95.739,313.09,0.043065,120.16,1
1.615,0.66878,1.0969,1.9674,2.0576,1.7194,0.61923,1.1791,1.3733,1.9733,0.54055,0.12973,0.55594,0.67619,0.59957,0.18418,0.063323,0.16492,0.20155,0.2338,308.04,558.34,354,560.71,192.56,369.58,0.030066,217.9,1
4.4914,0.83538,4.2608,4.6614,4.6642,4.1763,0.43899,4.309,4.6549,5.3031,0.60828,0.13338,0.60694,0.67292,0.76646,0.18737,0.047501,0.14934,0.22609,0.21533,308.57,573.17,262.33,587.68,230.31,24.208,0.02506,233.67,0
4.9727,1.584,4.7441,3.7381,5.0402,5.0331,1.3643,2.3626,5.1788,5.5077,0.90172,0.10136,0.86904,0.98723,0.93291,0.29775,0.039278,0.28327,0.30656,0.34119,422.35,601.55,429.46,672.1,328.11,0.46866,0.0067095,347.5,0
1.5386,0.35445,0.80754,1.3732,1.6053,1.0816,0.31064,1.4717,1.1224,1.1565,0.47747,0.1318,0.40656,0.51463,0.50964,0.12238,0.052434,0.11151,0.1666,0.16885,305.89,535.28,321.84,579.16,92.231,449.97,0.045874,126.06,1
0.79223,0.29913,0.46738,1.061,1.4431,0.98052,0.30268,0.55575,0.78672,0.7931,0.52947,0.093052,0.47337,0.53424,0.55062,0.1695,0.044276,0.15881,0.17943,0.19588,258.1,578.11,260.17,545.56,78.451,317.13,0.040451,93.542,1
2.4129,0.7568,1.3964,1.9219,2.3776,1.8735,0.73101,1.0145,2.1763,2.2571,0.46909,0.11704,0.5885,0.58909,0.66779,0.14349,0.051638,0.14361,0.17465,0.20775,175.23,520.94,247.57,613.11,154.34,158.61,0.0038719,225.91,0
1.6536,0.3262,0.96843,1.5857,2.0324,1.5823,0.2516,1.6128,1.7104,1.5798,0.52376,0.15556,0.44375,0.61525,0.60106,0.14218,0.055825,0.11485,0.18651,0.19749,362.68,536.08,335.42,545.08,75.787,440.04,0.027377,100.91,1
2.2971,0.5954,1.6269,2.8541,2.9728,2.6087,0.58875,1.8849,2.18,2.6192,0.53736,0.12945,0.45408,0.56463,0.62518,0.17023,0.047948,0.15589,0.18767,0.21026,276.98,542.07,261.99,552.35,141.46,146.83,0.050106,171.85,0
3.1216,0.75408,3.3357,3.3275,4.6556,3.5621,0.51458,3.1012,3.7168,3.747,0.65171,0.097585,0.69332,0.67113,0.71452,0.23039,0.029087,0.24078,0.23247,0.2549,256.21,545.17,166.62,593.78,182.93,27.705,0.010746,176.76,0
0.072843,0.039612,0.022264,0.059013,0.087515,0.06231,0.062091,0.027775,0.030327,0.046656,0.78774,0.045594,0.78368,0.81199,0.79755,0.26071,0.031359,0.26909,0.2786,0.30024,405.02,599.58,360.63,554.08,25.66,496.2,0.0097331,46.109,1
2.9234,0.71992,2.5669,2.7252,3.0053,2.533,0.66218,1.9735,2.5624,2.6388,0.44994,0.12877,0.53581,0.50853,0.55631,0.16468,0.058136,0.13589,0.17247,0.23949,174.25,522.22,140.65,570.83,164.25,256.3,0.023229,154.26,0
0.01569,0.024162,0.0032716,0.010045,0.020381,0.014798,0.032815,0.0039188,0.006147,0.012563,0.86953,0.049114,0.83539,0.85798,0.82091,0.28644,0.029866,0.28753,0.3013,0.32118,434.96,599.67,365.09,591.8,15.922,463.92,0.026018,29.247,1
1.0155,0.22519,0.35041,0.58928,1.2562,0.9773,0.26802,0.66343,0.60569,0.85746,0.56324,0.14902,0.51857,0.57253,0.60723,0.17155,0.059234,0.16586,0.20155,0.21095,392.89,511.09,342.12,564.06,85.1,232.37,0.039092,90.302,1
4.1611,1.057,3.71,4.0777,4.9552,4.2188,0.43782,3.5782,4.6022,4.7006,0.73445,0.11275,0.70497,0.78643,0.76181,0.25529,0.053328,0.19415,0.20768,0.28032,354.29,601.13,215.03,663.7,253.58,0.62297,0.045454,215.6,0
3.7195,0.58759,3.5093,4.3615,4.3088,3.2844,0.3532,3.7331,3.3109,4.0375,0.42339,0.11644,0.37145,0.43555,0.47342,0.14297,0.047492,0.12217,0.14211,0.14939,220.64,572.3,195.01,557.16,165.19,155.64,0.017896,128.27,0
4.1062,0.74435,3.1905,4.2874,4.3359,3.2555,0.63255,3.2161,3.9107,4.1465,0.48419,0.14031,0.46462,0.52262,0.57653,0.16533,0.059479,0.14152,0.14543,0.17159,258.51,595.79,310.73,553.07,185.96,112.89,0.0059512,190.97,0
3.3985,0.7844,2.3369,3.1968,4.1446,3.3276,0.33977,2.8435,3.206,3.4817,0.54528,0.11507,0.59992,0.65645,0.63171,0.22253,0.040729,0.17979,0.19953,0.20907,177.67,553.13,172.1,563.31,212.54,22.112,0.054828,236.23,0
0.88363,0.40304,0.63838,0.83218,1.363,0.99496,0.40536,0.8652,0.67892,1.0244,0.53435,0.11047,0.50806,0.56444,0.60647,0.17215,0.050552,0.14791,0.18768,0.20661,291.77,547.49,241.73,549.07,100.77,409.24,0.082109,109.02,1
0.38435,0.11388,0.22618,0.21951,0.42398,0.37635,0.15729,0.30341,0.23152,0.30463,0.61231,0.090952,0.61053,0.70694,0.68418,0.20362,0.040934,0.17803,0.22225,0.26193,397.21,534.16,391.69,559.94,62.378,508.98,0.024449,68.766,1
0.83101,0.29197,0.74432,1.2096,1.2,1.259,0.45147,0.60564,1.0424,1.0922,0.5663,0.075389,0.43078,0.48578,0.46421,0.18539,0.041444,0.14722,0.20995,0.19506,178.4,633.51,116.57,592.45,80.594,271.98,0.053093,124.42,0
4.042,0.52842,2.6864,4.0215,3.7229,3.5688,0.37246,3.4542,3.4212,3.4441,0.6038,0.11895,0.53206,0.46686,0.63697,0.16286,0.060675,0.1571,0.1659,0.18932,222.73,547.98,127.62,462.16,123.9,226.55,0.011989,153.29,0
1.7944,0.64203,0.55242,1.1405,2.1014,0.77141,0.71453,0.62102,1.6787,1.2333,0.60519,0.082903,0.71032,0.65951,0.64565,0.21464,0.035537,0.20322,0.22648,0.2276,269.76,580.37,321.36,535.52,150.3,487.36,0.014938,200.12,0
1.4733,0.50456,0.93148,1.6871,1.9837,1.4449,0.51556,1.443,1.6812,1.9262,0.55161,0.12472,0.52703,0.57787,0.62377,0.1773,0.048973,0.15606,0.17127,0.20155,289.66,548.58,333.33,534.51,113.33,329.05,0.055294,135.64,1
2.3521,0.56221,2.2914,2.3201,3.1603,1.9046,0.67554,2.3636,2.5227,2.5691,0.51373,0.11774,0.40969,0.51216,0.55158,0.14015,0.048618,0.126,0.17294,0.19521,167.4,569.34,213.17,554.65,165.46,131.74,0.02598,174.62,0
3.9989,0.75294,3.8748,4.0281,4.1013,3.7087,0.46582,3.7944,4.3004,4.4514,0.48395,0.17278,0.50508,0.54806,0.72362,0.1751,0.060265,0.12968,0.20183,0.17455,325.49,530.76,311.92,608.92,217.21,49.18,0.0095169,224.93,0
0.14121,0.081538,0.089691,0.14806,0.18687,0.13252,0.19736,0.096785,0.10069,0.12821,0.7375,0.067984,0.7583,0.7932,0.82159,0.27596,0.032265,0.24249,0.25812,0.26404,410.95,550.05,415.51,413.84,73.558,657.17,0.042548,80.477,1
1.1215,0.44093,0.60607,1.4114,1.4072,1.4029,0.52083,1.0321,1.1982,1.5586,0.53185,0.10897,0.48332,0.55693,0.55767,0.16734,0.046934,0.14203,0.19845,0.20163,326.77,566.91,319.9,585.31,130.52,235.72,0.059134,151.81,1
0.45068,0.24088,0.22301,0.43718,0.70404,0.33123,0.22365,0.28309,0.47141,0.50424,0.66341,0.10491,0.5981,0.68757,0.73973,0.20709,0.042934,0.21796,0.2314,0.24749,378.57,552.45,349.61,572.68,55.407,342.99,0.050221,74.516,1
4.8614,0.91704,4.6585,4.4878,5.3122,4.6136,0.41815,3.991,4.9993,5.0796,0.64138,0.10757,0.66629,0.69329,0.70433,0.23787,0.038466,0.20546,0.21922,0.23053,287.93,553.75,195.13,638.31,198.6,2.602,0.048915,176.92,0
4.5453,0.97146,3.7144,3.3244,4.5839,4.1812,0.45014,3.0776,4.3292,5.2484,0.6906,0.10528,0.66531,0.74674,0.75062,0.21246,0.041847,0.17474,0.2038,0.26226,328.55,588.8,283.01,639.87,224.62,4.9658,0.023972,206.75,0
6.1557,1.5669,5.9307,5.3809,6.0671,5.9525,0.31835,4.6877,5.8033,6.116,0.94182,0.085148,0.95352,1.0308,1.0106,0.33513,0.030013,0.31979,0.3274,0.36793,456.85,587.5,364.33,719.23,341.4,0.0012488,0.013149,325.43,0
1.4138,0.4153,0.67704,1.2962,2.0143,1.4131,0.44998,1.207,1.6029,1.5857,0.54508,0.12478,0.45542,0.5604,0.56022,0.16007,0.047656,0.14805,0.2022,0.21673,311.54,561.14,301.71,483.22,96.202,379.05,0.014101,138.65,1
3.3912,0.98711,2.545,4.0051,3.6316,3.2672,0.70517,2.3749,3.2324,4.1536,0.58752,0.11206,0.46542,0.57292,0.64356,0.17543,0.060418,0.11251,0.16011,0.2245,177.31,555.94,156.39,562.34,198.57,44.107,0.022431,188.34,0
2.4121,0.79374,1.2538,1.9227,2.8883,2.2797,0.58115,1.7367,2.5638,3.145,0.56274,0.15117,0.42817,0.5347,0.59068,0.18835,0.064162,0.12171,0.16077,0.20292,345.67,548.82,365.21,518.84,165.82,514.36,0.037448,197.06,1
1.8641,0.56357,1.0694,2.4957,1.9999,1.6596,0.50768,1.6488,1.677,2.2865,0.52683,0.15878,0.50337,0.59583,0.62957,0.17005,0.049662,0.14606,0.1933,0.20564,258.19,550.66,350.17,538.26,153.55,459.95,0.016609,177.39,1
0.43935,0.16656,0.24396,0.41343,0.5724,0.40852,0.25066,0.24008,0.47146,0.44397,0.70437,0.076455,0.64993,0.70873,0.68807,0.22683,0.038393,0.21929,0.2384,0.25596,340.79,565.55,299.41,548.26,72.915,454.3,0.025013,105.94,1
1.7788,0.46201,1.8573,3.1097,4.0863,2.058,0.46922,2.0417,2.5642,3.2042,0.49069,0.17301,0.38064,0.57468,0.58459,0.13461,0.054074,0.14486,0.17368,0.19561,297.22,492.94,262.76,586.81,131.83,330.93,0.049715,122.31,1
2.7751,0.61223,2.2398,2.9278,3.5585,2.6079,0.72863,2.1746,2.657,3.2163,0.42611,0.13777,0.41149,0.59134,0.48066,0.16602,0.050083,0.12203,0.16191,0.18875,214.26,584.6,254.01,540.65,145.03,251.34,0.05294,180.33,0
6.0809,1.1967,6.0105,5.7625,5.8668,5.7974,0.21447,5.3306,5.7455,6.0589,0.85809,0.093718,0.81279,0.96612,0.96613,0.28872,0.04853,0.25565,0.23234,0.30384,435.08,465.19,356.88,659.51,285.72,0.0073144,0.03822,236.59,0
2.3416,0.58738,1.2468,2.2136,2.4034,1.6816,0.59305,2.4238,1.8647,2.2357,0.50835,0.13367,0.43805,0.47222,0.50964,0.16694,0.045686,0.19071,0.18083,0.22993,181.46,507.29,224.81,562.71,120.32,282.2,0.02705,152.82,0
4.6602,0.5297,4.8136,4.1853,4.8157,4.168,0.26135,3.949,4.731,4.8615,0.59655,0.12683,0.55816,0.70584,0.72985,0.16899,0.048342,0.16708,0.20505,0.26508,335,593.17,276.11,617.94,239.12,5.0245,0.026639,237.84,0
0.59737,0.2454,0.31375,0.46615,1.0998,0.63759,0.32899,0.3679,0.57382,0.61459,0.65524,0.12563,0.56264,0.67079,0.68486,0.20357,0.045999,0.17853,0.22884,0.26026,359.01,544.54,324.12,515.84,91.87,364.25,0.047844,110.41,1
5.5227,1.3232,5.4764,4.5764,5.1567,5.5969,0.4178,4.0481,5.6373,5.8762,0.86297,0.11461,0.88279,0.98946,0.97764,0.30627,0.03509,0.27763,0.29928,0.33228,429.71,607.15,284.18,698.72,302.93,0.012666,0.017147,266.36,0
3.9847,0.61265,2.9331,3.2404,4.0715,2.9831,0.33404,3.5639,3.1259,4.0756,0.51048,0.12884,0.45487,0.46623,0.55874,0.16384,0.048472,0.16459,0.1919,0.21486,281.07,595.04,252.27,504.82,143.98,127.1,0.010445,161.59,0
0.026695,0.034626,0.0084527,0.021653,0.044486,0.033246,0.044619,0.0096523,0.012682,0.026971,0.80914,0.047191,0.78818,0.82511,0.85413,0.27593,0.029008,0.281,0.28942,0.29983,418.22,571.28,329.23,584.93,30.839,429.31,0.048257,48.476,1
4.6373,1.2977,4.682,4.1273,5.1089,4.3709,0.52354,4.01,5.2558,5.6262,0.80029,0.14603,0.74112,0.86381,0.90807,0.27768,0.040376,0.22704,0.26343,0.31204,397.11,634.45,325.91,604.44,239.09,0.41121,0.015309,224.32,0
4.8248,1.0266,4.1803,4.7477,4.7115,4.7197,0.39354,3.6742,4.4964,4.7209,0.74503,0.090589,0.6231,0.73699,0.82625,0.25016,0.03782,0.21445,0.21847,0.28284,319.12,579.36,220.58,639.25,216.28,0.97073,0.020636,158.92,0
1.7592,0.63215,1.3978,1.8075,2.2277,1.4127,0.47199,1.3008,1.435,1.9471,0.46842,0.067973,0.52717,0.47473,0.49051,0.15316,0.035447,0.15665,0.16671,0.16058,126.49,641.76,142.58,524.14,164.08,219.36,0.010399,170.48,0
4.9717,0.89771,5.1729,4.8078,5.1388,5.1095,0.30734,4.2372,5.0324,5.3312,0.66859,0.09343,0.66189,0.78723,0.73129,0.24492,0.036463,0.20911,0.19329,0.24103,360.24,538.89,278.99,653.2,264.78,0.91512,0.0089036,214.06,0
2.0742,0.51437,1.8211,2.5303,2.6923,2.3958,0.42128,2.3067,2.0938,2.5134,0.58252,0.14351,0.41371,0.56745,0.56184,0.15932,0.060827,0.12264,0.13948,0.18259,233.11,570.72,257.86,554.14,99.802,343.02,0.033541,125.94,1
5.6275,1.3192,5.6809,4.762,5.6902,5.7075,0.44999,4.0514,5.2441,5.9171,0.86931,0.10005,0.8904,0.98283,0.96061,0.31374,0.044073,0.29537,0.29593,0.35054,431.79,536.63,332.57,697.36,327.41,0.058587,0.041096,297.2,0
2.6486,0.7061,0.70183,1.4584,1.8725,1.1571,1.0251,0.90754,1.7953,2.2919,0.64637,0.11429,0.54382,0.66237,0.69304,0.20563,0.049305,0.15153,0.24068,0.22891,212.11,587.89,292.05,525.47,189.53,404.12,0.022676,274.09,0
5.0733,1.302,4.4812,3.7378,4.9646,4.7013,0.89823,3.4702,5.0335,5.5475,0.76485,0.21134,0.72306,0.89042,0.88269,0.2532,0.068231,0.2197,0.26887,0.29581,431.9,602.6,385.48,653.75,323.58,1.1165,0.019494,330.92,0
2.4316,0.97196,2.816,3.2122,3.0671,2.5523,0.7677,2.1346,2.7323,3.2305,0.67842,0.13835,0.65294,0.67681,0.76206,0.22537,0.048719,0.18347,0.23559,0.25391,235.23,571.1,219.74,600.86,226.81,24.88,0.0095184,244.92,0
2.7494,0.94625,1.9964,2.9742,4.2303,2.546,0.70897,2.0988,2.9684,3.0797,0.5589,0.155,0.50091,0.59146,0.58276,0.16848,0.062138,0.13739,0.16487,0.19299,279.45,583.06,285.9,593.89,194.99,220.88,0.012028,205.49,0
2.3785,0.47497,1.8661,2.4839,2.9501,1.3498,0.41676,2.1939,2.6144,2.5749,0.54744,0.13307,0.50825,0.55957,0.72297,0.14927,0.052274,0.11039,0.1675,0.1819,263.77,534.58,338.87,508.53,155.76,241.96,0.01423,182.24,1
2.2364,0.52156,1.3442,2.7341,3.3189,2.5422,0.60652,2.6138,2.6802,2.6886,0.57822,0.1575,0.49188,0.65256,0.7612,0.18981,0.053484,0.13188,0.19264,0.17355,309.79,601.2,292.42,547.26,163.69,205.41,0.017099,179.51,0
5.1022,0.87794,4.7269,4.4142,4.5488,4.775,0.36668,4.4108,4.7801,5.4587,0.7135,0.14323,0.70717,0.76544,0.87957,0.26071,0.049396,0.21444,0.21931,0.27352,369.09,579.3,270.74,671.86,256.66,1.0931,0.023921,210.66,0
0.93654,0.30787,0.88265,0.896,1.5736,0.99072,0.35749,0.98748,1.1379,1.0307,0.37932,0.10222,0.45878,0.51183,0.47575,0.13965,0.052409,0.1144,0.16459,0.16402,198.58,549.86,194.53,529.77,80.153,226.95,0.021615,81.529,1
0.50174,0.3423,0.43544,0.47097,0.88996,0.52005,0.43514,0.37339,0.61886,0.77251,0.64879,0.065027,0.62581,0.61371,0.65618,0.20866,0.044227,0.20488,0.23914,0.2443,265.52,532.7,279.95,568.25,58.107,745.48,0.018101,117.04,1
3.977,0.78771,4.0079,4.2661,4.3828,3.4819,0.42067,3.4848,3.6988,4.341,0.7122,0.11429,0.67349,0.72714,0.80955,0.24077,0.041255,0.20693,0.24031,0.21638,309.29,571.54,202.75,579.76,216.26,7.2163,0.020537,213.55,0
0.31114,0.13899,0.11271,0.35827,0.4967,0.41602,0.12271,0.2668,0.2506,0.40176,0.59886,0.1126,0.54892,0.64639,0.59643,0.18376,0.058821,0.18506,0.20895,0.21499,388.52,528.64,359.75,523.09,69.476,375.98,0.03262,89.389,1
3.3746,0.69091,3.1756,3.45,4.1719,2.7201,0.55001,2.9474,3.2266,3.7113,0.53082,0.10941,0.42827,0.50599,0.54382,0.1531,0.046822,0.12103,0.16066,0.19219,161.77,529.8,183.56,529.92,167.84,125.71,0.033172,172.1,0
4.9057,0.66717,4.7189,4.5454,5.0715,4.4015,0.24125,4.7649,4.8744,4.9203,0.5372,0.16725,0.3937,0.58061,0.65169,0.17602,0.056902,0.11422,0.17455,0.17861,241.05,523.52,153.17,654.05,158.81,15.657,0.017784,153.22,0
0.16851,0.067741,0.073211,0.10411,0.2471,0.1386,0.12854,0.076253,0.083066,0.14289,0.71385,0.023503,0.71671,0.62873,0.69011,0.22824,0.023476,0.23486,0.25105,0.26471,295.65,581.11,262.3,519.71,42.949,514.37,0.0059997,54.833,1
2.1054,0.57838,1.8168,2.6496,3.182,2.3571,0.64424,2.1885,2.6292,2.558,0.39324,0.12189,0.35815,0.42786,0.49063,0.14054,0.048182,0.12045,0.15454,0.21345,127.29,541.68,157.24,563.39,148.36,266.56,0.086941,130.5,0
4.4013,0.81144,3.5318,3.8286,3.7007,3.9611,0.45838,3.078,3.4011,4.6038,0.64317,0.11366,0.59915,0.62689,0.68723,0.20386,0.049918,0.15716,0.15574,0.25134,207.75,558.74,240.66,647.98,241.7,48.536,0.024359,186.91,0
2.327,0.70576,1.4789,2.7607,3.5069,2.3254,0.37822,2.0907,2.224,2.8032,0.51554,0.21098,0.3472,0.55513,0.62713,0.12436,0.080906,0.12325,0.17508,0.20331,349.74,478.61,262.52,529.17,123.84,235.08,0.030713,117.53,1
2.0336,0.50738,1.3784,1.7863,2.7547,1.1433,0.59031,1.7231,1.8953,2.1979,0.51129,0.1461,0.53389,0.63222,0.64927,0.16531,0.059601,0.13993,0.18264,0.21579,326.77,591.99,292.57,589.72,160.71,466.29,0.057629,181.3,1
3.1778,0.72717,2.5127,2.7795,3.799,2.6584,0.61647,2.1613,3.1391,3.532,0.5056,0.14146,0.55327,0.67913,0.64346,0.1872,0.054912,0.15432,0.2016,0.20983,216.33,551.56,205.79,592.72,187.86,69.617,0.011421,213.65,0
3.5669,0.92479,3.2854,2.8253,3.4906,3.9192,0.77777,2.8194,3.4318,4.2992,0.59182,0.15939,0.62575,0.68974,0.73706,0.20462,0.057676,0.16697,0.21138,0.23375,217.49,560.9,255.39,607.5,248.98,34.904,0.035826,234.93,0
2.1166,0.47534,1.3856,2.2475,2.2463,1.5053,0.64925,1.933,1.9837,2.2422,0.43703,0.13642,0.38162,0.51509,0.53951,0.15537,0.052028,0.1256,0.16573,0.1901,260.52,544.6,247.44,542.06,152.94,328.91,0.023639,169.43,1
6.2547,1.5717,6.2889,5.629,6.1917,6.1944,0.18693,4.812,5.8816,6.2506,0.95774,0.061152,0.99918,1.0389,1.0201,0.34484,0.020337,0.34022,0.33468,0.37417,456.9,576.23,324.12,717.62,343.25,0,0.020929,314.38,0
5.4596,1.2731,5.3234,4.5238,5.392,4.9149,0.40126,4.1168,5.3811,5.8215,0.86863,0.14246,0.88011,0.9802,0.97423,0.29488,0.049625,0.27539,0.30335,0.34938,433.3,623.85,285.16,706.02,305.15,0.020694,0.019696,283.4,0
5.2168,0.97255,4.7252,4.5983,5.3822,5.0824,0.3214,4.0816,5.4154,5.5168,0.68854,0.11633,0.65991,0.79102,0.65804,0.24127,0.044163,0.2103,0.19858,0.22966,378.14,565.93,283.61,672.97,247.85,1.7923,0.016373,191.21,0
1.9849,0.78052,2.5333,2.8687,3.8588,2.546,0.83607,2.4764,2.5676,3.1174,0.48702,0.13598,0.39911,0.53504,0.58643,0.15983,0.056556,0.14318,0.20037,0.21111,195.06,564.14,189.8,551.14,187.31,109.65,0.010586,181.63,0
5.6557,1.3109,5.0312,4.9575,5.6047,5.001,0.55247,4.2169,5.4153,5.8018,0.81665,0.17272,0.71641,0.93752,0.87897,0.27943,0.064529,0.23319,0.26572,0.29021,443.84,603.98,385.01,684.77,320,0.46473,0.018009,331.54,0
3.5607,1.0299,4.2618,4.046,4.8195,3.1898,0.60765,3.9084,3.5178,4.0754,0.62324,0.14915,0.59207,0.60343,0.73787,0.21521,0.045531,0.1466,0.14844,0.21879,248.83,597,204.56,585.74,204.31,51.55,0.014052,235.82,0
1.493,0.8294,0.6216,1.7083,2.3368,1.2292,0.86407,0.79626,0.89434,1.9729,0.51964,0.10478,0.62773,0.66541,0.5966,0.18226,0.046591,0.17252,0.18958,0.24082,181.35,558.47,280,606.04,174.9,668.53,0.033365,184.14,0
1.5274,0.56049,0.756,2.0514,1.8832,1.3449,0.79425,1.0446,1.0153,1.5068,0.55093,0.060029,0.53677,0.57781,0.5097,0.19377,0.035657,0.16525,0.20121,0.23023,169.9,575.6,198.04,574.49,144.59,221.62,0.04096,143.81,0
4.8054,0.9678,4.7867,4.653,5.0548,4.3887,0.64702,3.9056,5.1194,5.4603,0.64095,0.17155,0.59777,0.81005,0.76129,0.2158,0.065304,0.18632,0.22352,0.27724,358.1,545.03,301.02,625.44,261.18,9.6645,0.015167,266.73,0
2.2613,0.58034,1.5528,2.6865,2.5482,2.3676,0.56069,2.4068,2.1035,2.223,0.4966,0.11141,0.46228,0.4905,0.58526,0.17174,0.049894,0.13242,0.19491,0.1715,257.36,546.27,296.71,564.19,150.28,239.73,0.013561,163.72,0
3.7824,0.62155,2.8107,3.6951,4.2333,3.9031,0.26614,3.472,3.9607,4.7113,0.73107,0.09105,0.63364,0.63238,0.72915,0.23927,0.035433,0.19569,0.20433,0.2495,278.13,578.05,268.48,578.89,213.19,11.594,0.013285,200.1,0
3.6131,1.0326,3.0492,2.9906,3.3732,3.4873,0.65606,2.3354,3.2202,3.9187,0.55842,0.1283,0.4955,0.52754,0.72437,0.20396,0.049682,0.12881,0.19843,0.22354,198.06,543.34,227.96,612.1,220.43,25.068,0.01522,181.22,0
0.88484,0.28922,0.74402,0.99043,1.4499,0.9275,0.35408,0.74082,1.1665,1.1988,0.55557,0.10646,0.5219,0.64494,0.54712,0.17794,0.049973,0.16471,0.17755,0.2159,334.62,540.7,284.3,523.96,80.617,360.3,0.045938,99.586,1
3.423,1.2124,2.9226,2.7786,3.5392,3.5606,0.60396,1.919,3.254,4.02,0.76341,0.093077,0.80797,0.81453,0.87644,0.26562,0.033689,0.21779,0.25901,0.28414,253.12,628.02,228.3,627.89,252.02,1.6293,0.0069798,206.46,0
4.6754,0.81474,4.4931,4.3712,5.2089,5.0455,0.31611,4.2736,5.0994,5.4984,0.72531,0.10416,0.67475,0.79851,0.77398,0.24457,0.040844,0.18901,0.20969,0.27884,357.98,593.62,232.24,689.75,187.09,3.8855,0.015386,120.06,0
2.1724,0.83942,0.88132,1.2559,1.5626,1.3935,0.91324,0.74494,2.2077,2.6203,0.55845,0.10575,0.59822,0.55888,0.63437,0.18066,0.050844,0.16827,0.18922,0.25425,129.4,559.21,194.94,560.9,219.86,493.28,0.040977,239.19,0
3.9913,0.74203,3.5443,3.8576,3.495,3.5092,0.50484,3.0286,3.6339,4.087,0.6078,0.12929,0.50597,0.56366,0.64657,0.17017,0.036648,0.13035,0.17181,0.22083,212.33,540.13,199.1,602.73,158.7,99.091,0.018959,145.78,0
4.9468,0.76462,4.7045,4.5234,5.0707,4.7387,0.24132,4.0169,4.8487,5.2515,0.63354,0.12521,0.68529,0.80003,0.8095,0.24748,0.04467,0.19751,0.21628,0.2429,382.14,554.19,265.65,649.21,248.35,1.2892,0.017941,204.98,0
1.8958,0.36317,1.5273,2.1535,2.2167,2.0252,0.37963,1.9513,1.8125,2.1326,0.45584,0.15589,0.37645,0.5158,0.49669,0.13058,0.053404,0.11481,0.16709,0.18853,319.71,539.56,320.63,595.77,114.27,226.71,0.040254,126.11,1
5.065,0.91073,4.9658,5.108,5.2077,4.7797,0.37583,4.6354,5.1941,5.1177,0.57461,0.1456,0.52391,0.74265,0.74769,0.20309,0.0555,0.15183,0.20097,0.22261,379.62,602.39,306.15,649.07,209.78,8.4476,0.02642,215.5,0
0.1358,0.086668,0.053419,0.074731,0.13885,0.12044,0.10217,0.064401,0.095326,0.089324,0.70108,0.080823,0.70478,0.71297,0.70688,0.24166,0.030458,0.22537,0.25038,0.25474,398.6,557.21,337.21,598.62,45.384,308.94,0.044382,65.291,1
4.1554,0.6494,4.8389,4.6152,5.1389,4.3848,0.42102,4.5247,5.0619,5.0175,0.51048,0.15493,0.51373,0.61408,0.71517,0.17132,0.055332,0.13528,0.17981,0.19944,314.46,564.72,266.09,516.6,205.14,22.223,0.044805,191.27,0
3.8231,0.55218,3.415,4.1728,4.23,3.5083,0.43197,3.305,4.1293,3.9805,0.44806,0.18882,0.33828,0.46989,0.63496,0.15193,0.063357,0.097547,0.17558,0.18767,274.49,521.58,282.81,494.32,168.46,154.11,0.019413,204.41,1
1.1563,0.28594,0.86225,1.345,1.3868,1.339,0.24425,1.3178,1.2687,1.2056,0.55338,0.14985,0.55206,0.60457,0.62563,0.17651,0.065854,0.14077,0.18239,0.21513,384.12,501.15,339.68,516.01,111.85,445.36,0.018116,139.51,1
5.0805,1.0864,5.1716,4.5236,5.058,5.0461,0.40488,3.4389,4.9296,5.2367,0.74985,0.10715,0.7503,0.8498,0.89282,0.24722,0.039524,0.2191,0.23715,0.28195,390.43,561.26,264.71,659.45,275.19,0.37344,0.021693,250.05,0
0.76752,0.24849,0.32185,0.73421,1.0034,0.72305,0.27668,0.58212,0.61465,0.70605,0.53212,0.11474,0.53504,0.59674,0.63754,0.18996,0.048715,0.16437,0.20182,0.21775,356.61,574.02,297.05,569.42,63.565,263.95,0.031198,65.507,1
1.8504,0.3072,0.81595,1.6699,2.5257,1.7644,0.42774,1.4708,2.0743,1.8381,0.47167,0.098983,0.40911,0.53766,0.51693,0.15629,0.047427,0.14977,0.18102,0.2005,283.47,492.01,244.88,531.67,118.89,480.78,0.015873,135.33,1
1.6268,0.5512,0.95036,1.5709,2.042,1.5831,0.6778,1.3439,1.4522,1.8401,0.46111,0.14837,0.41602,0.5809,0.59128,0.14818,0.063621,0.12556,0.17631,0.21501,297.29,555.22,283.9,572.46,121.64,305.26,0.024774,148.02,1
0.51757,0.33331,0.15526,0.2952,0.51982,0.20394,0.23135,0.23008,0.24224,0.44041,0.53476,0.05308,0.5581,0.50885,0.53859,0.14033,0.0379,0.17063,0.21358,0.20239,144.75,587.3,136.65,539.95,45.997,418.15,0.063296,117.4,0
0.74341,0.26478,0.26438,0.74225,1.112,0.86248,0.28387,0.57112,0.68782,0.97171,0.51017,0.097676,0.52606,0.55742,0.58459,0.18366,0.04394,0.18324,0.1977,0.20687,330.75,540.08,320.26,543.38,91.452,289.53,0.011063,104.56,1
6.0445,1.1669,5.8879,5.1514,5.9001,5.8567,0.47188,5.2397,5.8121,6.0505,0.78803,0.1643,0.73698,0.89024,0.90404,0.2728,0.055531,0.22443,0.26733,0.29212,441.7,588.3,356.17,692.17,293.62,0.15449,0.047377,270.64,0
2.7242,0.3866,2.1161,2.7431,3.5265,2.4683,0.38337,2.716,2.8457,2.8003,0.44741,0.13254,0.33429,0.51525,0.47394,0.15124,0.046163,0.11255,0.15296,0.18537,240.55,542.15,213.96,580.06,100.04,254.28,0.036374,109.15,1
0.28598,0.14666,0.052063,0.14716,0.3149,0.1513,0.17842,0.087007,0.12481,0.16443,0.70154,0.051608,0.64079,0.70462,0.6696,0.21848,0.031156,0.19886,0.23672,0.26208,352.95,526.6,316.15,585.27,33.095,365.59,0.011251,50.559,1
3.8338,1.2117,3.1452,3.7768,3.8079,3.7533,0.85942,2.343,3.5041,3.859,0.60998,0.11529,0.59841,0.58875,0.70641,0.22759,0.051693,0.16498,0.20938,0.19392,252.66,574.54,267.5,596.18,242.92,28.867,0.029203,246.97,0
4.6817,1.0587,4.7291,4.3412,4.5521,4.6274,0.61207,3.6225,4.9597,5.3347,0.59851,0.15167,0.62136,0.7235,0.73565,0.22015,0.056033,0.18594,0.20673,0.24696,321.55,515.77,253.51,639.85,258.66,4.2825,0.043047,215.51,0
3.223,0.60833,2.4493,3.7898,3.9518,2.439,0.41291,2.3836,2.7629,3.0209,0.433,0.11883,0.38148,0.48109,0.56435,0.13681,0.042628,0.096015,0.1412,0.17602,219.4,537.02,212.07,559.56,141.31,51.721,0.007349,154.79,0
4.5689,0.9157,4.1875,4.2759,4.8167,4.2992,0.56605,3.9535,4.5976,5.389,0.68751,0.16261,0.65061,0.77788,0.84299,0.24073,0.056218,0.19053,0.21784,0.22717,371.35,593.07,320.34,642.05,264.27,8.3316,0.01037,270.64,0
0.20253,0.10994,0.079952,0.16091,0.21039,0.098276,0.14003,0.1046,0.10737,0.14193,0.61822,0.054614,0.6428,0.68704,0.61829,0.20211,0.038214,0.21943,0.21298,0.21992,352.23,511.64,308.28,535.3,31.56,443.89,0.028518,62.979,1
5.4194,0.90794,5.5121,5.2297,5.5137,5.0103,0.30779,5.1608,5.4507,5.5923,0.71173,0.12882,0.6233,0.86598,0.76946,0.25472,0.057201,0.21675,0.24081,0.28743,410.14,494.21,245.35,631.4,273.42,0.17733,0.032488,254.05,0
3.7175,0.73812,3.5114,3.8272,3.8539,3.1303,0.61717,2.3287,3.5615,3.9959,0.55833,0.14539,0.50469,0.67201,0.74014,0.17073,0.0476,0.14186,0.19248,0.20876,224.92,567.99,267.64,578.63,239.56,31.501,0.01108,212.79,0
0.19898,0.13063,0.12855,0.20026,0.35985,0.25062,0.14591,0.12419,0.15123,0.20593,0.5599,0.052977,0.52198,0.59695,0.66053,0.1878,0.03604,0.19586,0.2251,0.22661,332.37,537.38,228.32,577.89,54.499,481.24,0.025106,71.731,1
1.8774,0.49155,1.8032,2.0587,1.8993,1.8638,0.3371,1.7033,1.9525,2.4387,0.51855,0.16311,0.40448,0.56255,0.5033,0.14815,0.080102,0.11849,0.1735,0.20949,312.41,514.42,316.13,523.49,127.7,292.54,0.028759,130.47,1
0.41475,0.24623,0.23766,0.50807,0.77756,0.47035,0.31893,0.42638,0.33403,0.65037,0.66477,0.10598,0.61931,0.6087,0.62368,0.18648,0.04792,0.19037,0.21884,0.22209,377.93,545.91,388.52,483.5,89.995,705.17,0.030166,126.82,1
4.5728,0.74407,4.1381,4.5309,4.7254,3.5186,0.32399,4.2432,4.7132,4.7211,0.4917,0.12016,0.62947,0.62509,0.66583,0.19457,0.038864,0.15446,0.19111,0.19925,286.22,502.17,199.17,582.72,200.25,53.253,0.025057,228.54,0
2.6087,0.72156,2.3097,2.5625,3.3152,2.3756,0.6129,1.9897,3.0021,3.006,0.47353,0.19455,0.48689,0.54916,0.58537,0.16896,0.068903,0.1343,0.16673,0.21021,152.46,583.8,204.77,579.25,180.82,109.88,0.026804,200.89,0
0.35697,0.1288,0.14731,0.26372,0.45018,0.2724,0.14439,0.19483,0.2278,0.26215,0.68587,0.069987,0.65508,0.73657,0.72191,0.22389,0.034628,0.21618,0.2395,0.26661,382.09,568.18,385.52,542.15,54.429,304.85,0.033579,68.637,1
2.4962,0.29318,1.511,2.7065,1.9267,2.0061,0.37047,1.8851,1.9539,2.4041,0.5464,0.10452,0.4136,0.54456,0.60741,0.1469,0.04114,0.12588,0.169,0.19359,285.48,565.62,258.08,530.14,96.938,482.64,0.030499,132.45,1
4.4848,1.4043,3.0516,3.309,4.4318,3.9298,1.1453,1.9331,3.5987,4.9205,0.82749,0.14217,0.79586,0.83146,0.92363,0.26079,0.052801,0.218,0.24513,0.30683,358.54,602.22,270.64,666.32,310.98,1.065,0.019911,299.34,0
1.4147,0.30143,1.2566,1.97,1.3689,1.2577,0.21841,1.6842,1.4736,1.6692,0.56006,0.12532,0.44949,0.59024,0.50286,0.16893,0.045482,0.13808,0.17901,0.22318,391.42,587.47,365.65,613.42,113.15,273.59,0.027339,120.72,1
3.7504,0.59235,3.2789,4.3615,4.1675,3.5361,0.16899,3.5789,3.8966,3.827,0.56724,0.11258,0.60467,0.55683,0.5971,0.20809,0.044632,0.15569,0.18554,0.20271,243.28,532.22,177.6,585.93,167.42,55.209,0.0096533,127.44,0
2.7953,0.67036,2.1976,2.6107,3.136,2.5927,0.664,2.4611,2.2676,2.8188,0.46174,0.16964,0.36852,0.52508,0.57362,0.14522,0.064449,0.10093,0.1763,0.1832,296.08,516.3,340.43,547.99,171.16,279.42,0.012185,179.69,1
1.5918,0.41502,0.71348,1.4008,1.6283,1.1845,0.31653,1.0663,1.1128,1.4485,0.55889,0.11266,0.45984,0.5437,0.55419,0.15969,0.048549,0.158,0.1889,0.17808,246.75,545.43,244.4,525.59,119.68,202.72,0.051819,137.18,1
1.4854,0.51537,0.74334,2.1644,2.0112,1.5671,0.5798,0.75933,1.4136,2.0335,0.60705,0.1034,0.49133,0.64625,0.56284,0.17529,0.054595,0.15261,0.18276,0.22605,265.91,573.88,241.34,560.41,132.1,443.92,0.016058,129.85,0
2.7868,0.96933,1.643,2.338,3.0934,2.3523,0.85683,1.7769,2.1585,2.8635,0.51528,0.10977,0.59726,0.43635,0.58491,0.14627,0.050444,0.13738,0.18831,0.20358,214.44,548.67,283.3,520.17,176.18,216.7,0.013346,186.96,0
4.5664,1.3418,3.3254,3.4541,4.8391,4.0249,1.0987,2.4717,3.8353,5.2422,0.80056,0.17561,0.78496,0.93726,0.89661,0.2716,0.064503,0.2241,0.27203,0.3126,363.99,627.11,354.3,658.03,315.33,5.1731,0.015074,287.49,0
3.7387,0.61018,3.2523,4.0082,4.8029,3.6442,0.68174,3.7184,3.5717,4.3635,0.45973,0.12933,0.47625,0.58233,0.63945,0.14213,0.053977,0.12489,0.13604,0.18082,257.15,534.18,186.52,589,176.61,189.02,0.012992,190.63,0
0.19072,0.14755,0.085513,0.20326,0.42582,0.17711,0.12487,0.11475,0.14001,0.18584,0.66642,0.068871,0.63725,0.64813,0.71926,0.21851,0.034456,0.20943,0.23242,0.22103,336.4,520.04,217.19,513.95,40.085,519.96,0.017507,53.336,1
2.5234,0.64268,2.3152,2.4822,3.4928,2.9386,0.59747,2.5426,3.2767,3.8683,0.49849,0.17704,0.61861,0.64081,0.51328,0.19112,0.065311,0.12804,0.18567,0.19719,238.01,501.51,319.51,551.33,214.64,138.54,0.022843,200.38,0
3.8417,0.65309,2.9359,3.7858,4.6503,3.9121,0.44023,3.1065,4.2235,4.1019,0.48251,0.13926,0.4129,0.63497,0.53408,0.15337,0.049025,0.12434,0.15967,0.20341,262.73,579.33,243.97,587.45,196.74,144.12,0.012085,191.12,0
1.9776,0.45715,1.4612,2.1538,2.493,1.2317,0.43476,1.5956,1.6473,1.6228,0.47506,0.12238,0.40802,0.55003,0.57176,0.14967,0.054079,0.13054,0.16742,0.18311,281.8,566.39,340.22,526.82,120.41,351.38,0.035982,140.81,1
0.70324,0.43081,0.59897,1.3647,1.1836,0.85726,0.41679,0.75987,0.88863,1.2125,0.57685,0.086619,0.59651,0.61351,0.61005,0.20962,0.046406,0.17198,0.19995,0.22669,326.88,569.11,318.29,534.79,106.46,556.57,0.026469,119.34,1
4.3406,0.5728,4.2543,3.9953,4.6418,3.8526,0.47114,3.3886,4.9356,4.0335,0.4491,0.15682,0.41209,0.49974,0.58523,0.14668,0.049483,0.12354,0.16627,0.16556,247.88,534.13,224.39,559.13,167.34,17.234,0.021629,168.05,0
2.6633,0.4688,1.7611,2.7881,2.7923,2.2008,0.43682,2.1892,2.6982,2.788,0.49613,0.14879,0.35818,0.5878,0.57822,0.12576,0.056021,0.10977,0.15131,0.18222,310.21,578.13,307.18,569.85,160.85,218.66,0.094811,150.99,1
1.281,0.44792,0.84635,1.3269,2.2832,1.3997,0.78609,1.2414,1.6073,2.0293,0.6091,0.090414,0.52213,0.5713,0.56176,0.17744,0.039833,0.1301,0.17906,0.20968,274.92,537.29,267.28,512.72,157.21,333.22,0.037267,169.34,1
3.3631,0.72629,3.273,3.4915,3.5402,3.6121,0.44606,2.1641,4.3628,4.1025,0.52884,0.11799,0.5341,0.59758,0.61713,0.19741,0.046481,0.17322,0.19429,0.22167,233.09,572.18,221.74,541.71,186.04,62.257,0.020002,211.02,0
4.875,1.1906,4.1493,3.8879,5.005,4.6081,0.73379,3.4031,3.8887,5.3796,0.88113,0.069101,0.88959,0.9354,0.93618,0.29505,0.038984,0.24652,0.25941,0.33453,410.09,541.85,332.66,647.04,296.88,0.30489,0.0076501,254.48,0
4.0816,0.57916,2.6174,3.9843,3.7568,3.4065,0.37818,2.874,3.6909,3.4018,0.52437,0.15563,0.38117,0.50904,0.64106,0.14691,0.056427,0.10379,0.16558,0.15395,252.59,549.02,248.99,562.92,156.63,63.204,0.015106,178.08,0
1.7138,0.50755,1.6168,2.3478,2.9811,2.3461,0.4546,1.6566,2.6535,2.6978,0.53965,0.11038,0.49169,0.61257,0.58846,0.1719,0.035127,0.14401,0.18161,0.19216,203.61,572.79,225.32,612.69,153.1,162.93,0.014332,147.9,0
0.77279,0.28117,0.37321,0.87898,1.4237,0.64509,0.33662,0.83594,0.75469,0.8827,0.61326,0.075342,0.58477,0.63523,0.65636,0.19675,0.040234,0.21238,0.20963,0.22778,228.94,566.01,237.91,529.27,88.032,331.9,0.020865,101.36,1
4.1674,1.0536,4.1386,3.6843,4.3872,4.17,0.6369,3.7268,4.2066,5.0275,0.63109,0.18233,0.56694,0.72566,0.71483,0.19065,0.064876,0.17436,0.23088,0.22837,331.05,589.99,337.85,632.79,262.23,12.229,0.015259,263.82,0
3.0839,0.66888,3.1611,3.718,3.0969,3.6727,0.51722,3.287,3.3212,3.7884,0.54191,0.12755,0.48073,0.58208,0.60837,0.18275,0.054735,0.12538,0.18078,0.20904,158.67,524.71,174.37,629.21,176.81,65.156,0.013082,170.59,0
1.0608,0.26931,0.53475,1.2087,1.4241,0.84287,0.25626,0.61891,0.87351,0.95751,0.51315,0.078009,0.50373,0.55759,0.65905,0.16995,0.038462,0.15292,0.19233,0.2194,306.12,533.47,314.23,546.28,76.887,273.78,0.013821,98.162,1
6.1149,1.2247,6.1686,5.3027,5.7963,6.0022,0.1193,4.7992,5.8125,6.0717,0.87816,0.06884,0.92653,1.0167,0.98561,0.33476,0.02536,0.31603,0.30705,0.36807,443.59,514.39,270.92,705.13,280.11,0.00042816,0.044186,265.21,0
0.37819,0.14871,0.12595,0.30704,0.40956,0.28095,0.18892,0.24734,0.20004,0.32928,0.6632,0.073133,0.62543,0.69706,0.6878,0.20187,0.033578,0.20966,0.22018,0.23545,354.48,541.09,374.61,527.21,59.941,532.45,0.01084,95.789,1
0.39203,0.16168,0.23278,0.27536,0.50153,0.44165,0.22258,0.28858,0.43363,0.41234,0.55148,0.086362,0.55136,0.66217,0.66362,0.20118,0.04579,0.17946,0.22305,0.24485,366.56,562.15,353.12,535.89,67.556,344.67,0.040328,87.117,1
5.2348,1.4536,4.9161,3.6819,5.1309,5.6029,0.80689,3.1675,5.1583,5.7201,0.90123,0.096008,0.90518,0.96834,0.95296,0.30731,0.040745,0.28445,0.30721,0.3303,441.53,613.33,376.29,692.74,337.25,0.026403,0.023094,334.91,0
0.13195,0.08642,0.045659,0.14142,0.14712,0.13215,0.12743,0.062776,0.10996,0.1178,0.73878,0.038702,0.72344,0.72566,0.70041,0.23656,0.027459,0.23901,0.25801,0.24884,358.76,530.41,342.33,554.66,34.632,419.45,0.015361,60.166,1
0.81205,0.17928,0.43325,1.2597,1.2665,0.81333,0.2705,0.76595,0.77765,0.91126,0.58427,0.10867,0.49461,0.63602,0.64864,0.17523,0.047239,0.17529,0.18313,0.21332,346.35,550.24,347.5,512.46,84.412,172.98,0.019178,104.09,1
5.3929,1.0195,5.5646,5.1672,5.3171,5.5008,0.30746,4.2552,5.5348,5.6408,0.79485,0.13753,0.74374,0.90864,0.93218,0.27037,0.046816,0.23732,0.23001,0.28118,405.87,535.34,287.29,651.34,258.54,1.2013,0.0093566,244.68,0
3.9553,1.2398,3.7067,3.8529,4.4618,3.7327,0.61598,3.0863,3.9294,4.9043,0.77784,0.11324,0.8525,0.88605,0.86767,0.28222,0.04912,0.24966,0.2637,0.29172,401.74,591.35,267.11,666.41,290.7,0.2702,0.039287,277.15,0
2.0275,0.51338,1.4478,1.9008,2.5494,2.0232,0.60725,1.9431,2.0069,1.9798,0.50108,0.11495,0.38542,0.61436,0.62602,0.13863,0.045409,0.12186,0.17404,0.1786,261.97,548.52,315.29,529.72,156.32,274.38,0.033049,196.07,0
0.74143,0.1701,0.3579,0.56854,0.79058,0.52124,0.18239,0.76237,0.54726,0.67048,0.66245,0.07688,0.60687,0.67893,0.6925,0.21368,0.036965,0.18947,0.21253,0.22769,357.59,548.06,349.94,527.5,82.958,475.6,0.0056748,94.289,1
3.6812,1.4149,3.518,3.1152,3.4244,3.3246,1.0111,1.6689,3.0871,4.2743,0.8298,0.11345,0.81868,0.90862,0.88016,0.2581,0.04237,0.23815,0.26853,0.31324,372.89,581.66,330.97,655.26,302.04,0.28259,0.024152,310.51,0
2.8271,0.70856,2.4737,3.1793,3.697,2.5922,0.68177,2.9089,3.2738,3.1506,0.41349,0.15053,0.32377,0.47007,0.50042,0.13164,0.063377,0.099777,0.15222,0.19141,272.07,542.41,215.76,482.56,122.88,291.61,0.054703,111.18,1
2.0986,0.40106,1.3593,2.2414,2.8402,2.39,0.58187,1.7515,2.1715,2.4577,0.43764,0.19775,0.41889,0.60151,0.5904,0.12286,0.05437,0.10477,0.14485,0.16476,232.91,569.44,281.15,588.81,150.32,202.2,0.01877,153.93,1
3.707,0.90856,3.2611,3.6731,3.3722,3.5501,0.54075,2.743,3.2498,3.8183,0.76405,0.083233,0.6757,0.73271,0.76034,0.27347,0.03463,0.22865,0.23214,0.2776,246.52,559.66,162.01,593.74,190.36,1.1779,0.020366,179.8,0
0.90642,0.26161,0.52254,1.2091,1.7547,0.95091,0.34485,0.83669,0.78353,1.2821,0.51344,0.094881,0.50517,0.62039,0.57362,0.18184,0.048974,0.15274,0.19285,0.23525,323.63,555.78,286.73,526.53,103.92,390.02,0.027231,125.39,1
2.7954,0.7504,3.5417,2.9853,4.0961,3.3164,0.56801,3.4122,3.7542,3.842,0.44268,0.16871,0.49733,0.5674,0.61771,0.16965,0.068547,0.12655,0.16435,0.15549,282.9,558.48,336.9,524.93,201.11,221.28,0.023593,211.34,1
6.1466,1.2262,6.066,5.7664,6.0316,5.9495,0.16296,5.5342,5.8256,6.1374,0.87528,0.13011,0.81912,0.95482,0.92293,0.29847,0.036306,0.26202,0.25863,0.30842,444.71,554.2,305.32,689.77,282.76,0.0055304,0.023378,245.7,0
4.9182,1.4152,4.2537,3.93,4.5986,4.859,0.85295,2.0069,4.1106,5.6237,0.87322,0.11791,0.89981,0.95813,0.94143,0.29501,0.043699,0.27037,0.28556,0.33276,425.41,592.28,357.9,694.56,306.88,0.5271,0.042785,293.1,0
4.5155,1.2873,4.0418,4.6511,4.9752,4.7247,0.73211,4.2018,4.7102,5.4401,0.64221,0.17287,0.60383,0.63333,0.66593,0.20387,0.067125,0.17978,0.21239,0.22138,353.21,542.96,339.51,633.93,258.91,16.316,0.039551,224.6,0
5.7068,1.2656,5.166,5.0321,5.5248,5.277,0.62818,4.1582,5.2015,5.6449,0.77978,0.17259,0.69609,0.9335,0.89217,0.26891,0.059145,0.22459,0.26376,0.30724,427.49,537.18,360.25,678.46,309.6,0.23959,0.039433,301.71,0
0.81736,0.26249,0.43911,0.90931,0.83286,0.9251,0.17962,0.85971,0.87294,1.0582,0.61389,0.092768,0.58924,0.58319,0.70996,0.19353,0.049039,0.15969,0.21066,0.22664,361.09,563.01,357.92,562,82.243,224.12,0.009663,99.565,1
3.1199,0.81183,3.0633,3.4885,3.6721,3.0534,0.50752,3.1783,3.383,3.3282,0.52054,0.098874,0.54285,0.57483,0.56913,0.17262,0.033759,0.14389,0.18825,0.1924,141.71,576.48,142.44,583.19,173.73,56.417,0.0272,172.08,0
4.4511,0.76698,3.9876,4.9708,4.7,3.8887,0.4411,3.9438,4.6969,4.5887,0.53826,0.15722,0.42957,0.61934,0.65785,0.1528,0.060305,0.099674,0.17496,0.18566,311.16,550.58,296.75,619,216.17,81.357,0.031889,223.69,0
1.6519,0.32264,1.2656,2.2194,2.6088,2.2479,0.39151,1.6465,2.5272,1.9254,0.52892,0.15267,0.51326,0.59727,0.58215,0.17156,0.052412,0.16305,0.17934,0.21348,334.95,541.37,349.18,508.1,107.73,433.35,0.020397,112.37,1
4.0511,0.70918,2.6906,2.6866,4.1973,3.5766,0.62529,2.8903,3.2631,4.1119,0.48148,0.13701,0.49365,0.60258,0.64651,0.18219,0.049833,0.12297,0.17174,0.2224,302.23,539.7,332.15,597.29,249.99,78.001,0.007771,216.12,0
0.614,0.18906,0.52178,0.8218,1.0685,0.58356,0.18616,0.76294,0.49011,0.88156,0.60774,0.088906,0.47669,0.57351,0.65854,0.16009,0.042023,0.18474,0.20611,0.22285,356.7,545.54,343.06,533.86,76.642,440.62,0.01387,108.25,1
2.8153,0.83687,1.4922,2.2371,3.5856,1.7856,0.88792,1.9522,1.7188,3.1587,0.59293,0.14723,0.34362,0.53435,0.6514,0.19914,0.045801,0.14897,0.18567,0.22464,231.97,583.77,265.31,510.12,192.95,254.69,0.013835,217.9,0
3.7404,1.1102,3.5059,3.4699,4.4461,4.1881,0.55871,2.6218,3.6681,4.5884,0.73558,0.095597,0.74969,0.7623,0.82516,0.24465,0.035661,0.22028,0.22114,0.25917,331.56,589.8,279.61,649.6,288.12,2.275,0.011874,269.98,0
1.893,0.6291,1.1023,2.3157,2.2789,1.6965,0.78687,1.1807,2.0201,2.1696,0.47505,0.13436,0.43809,0.52023,0.55997,0.16895,0.046919,0.12479,0.1719,0.20923,235.48,540.4,244.49,598.25,168.8,217.94,0.02018,163.78,0
4.0512,0.9273,2.967,4.0448,4.7956,3.8204,0.59855,3.1617,3.7755,4.0646,0.67748,0.14704,0.49047,0.67435,0.63144,0.21056,0.056926,0.16341,0.15215,0.21223,307.27,590.44,202.85,639.45,231.95,115.48,0.033655,197.46,0
2.8419,0.6159,2.8633,3.2048,3.7508,2.8601,0.50876,2.4246,3.1709,3.5744,0.51565,0.14082,0.61007,0.64078,0.68696,0.18017,0.039221,0.15739,0.1809,0.19157,224.6,524.42,283.02,585.96,197.26,131.45,0.020771,219.16,0
0.97987,0.41006,1.0124,1.4065,1.8143,1.2578,0.29106,1.3413,1.3375,1.3835,0.47191,0.095353,0.4723,0.50671,0.47773,0.15322,0.043089,0.13255,0.16869,0.17659,208.11,553.13,243.81,517.11,126.38,303.02,0.013186,134.4,0
5.5488,1.0478,5.108,4.8216,5.1194,5.1128,0.30014,4.8161,5.2821,5.785,0.80663,0.11512,0.75347,0.79133,0.8955,0.2676,0.036747,0.2472,0.24433,0.29279,404.45,550.72,303.29,633.31,291.76,0.70033,0.020518,256.24,0
3.4877,1.0319,3.064,2.5151,3.7947,3.4241,0.67487,2.4774,3.3456,3.9775,0.6369,0.1716,0.53762,0.70113,0.83342,0.18367,0.054776,0.14547,0.20075,0.23982,290.4,575.21,282.63,616.1,235.59,62.099,0.0080428,245.48,0
3.0226,0.94542,2.493,2.3337,3.3174,3.8224,0.58596,1.5267,2.7316,2.8644,0.59269,0.10133,0.70057,0.65859,0.72375,0.25462,0.052153,0.19607,0.24812,0.23619,194.28,556.94,186.25,559.19,225.08,11.318,0.022905,233.09,0
0.63723,0.22036,0.33543,0.93564,0.72028,0.6967,0.24084,0.49411,0.42613,0.58609,0.59882,0.15687,0.55362,0.69841,0.69197,0.1877,0.052058,0.17992,0.20787,0.22391,407.06,548.12,399.34,563.27,88.854,306.09,0.036997,103.88,1
2.6157,1.0913,2.1764,2.2592,3.1131,1.7923,0.95025,1.7988,1.9273,3.1403,0.60085,0.099801,0.61826,0.52822,0.76821,0.21474,0.047817,0.19937,0.18659,0.23821,158.63,480.67,246.14,603.53,253.98,20.19,0.029412,233.4,0
3.5673,0.59344,3.1637,3.3493,4.0988,3.6325,0.39325,2.8826,3.729,3.7092,0.6039,0.092706,0.53759,0.59803,0.55556,0.18915,0.042133,0.13935,0.15304,0.22869,197.63,588.07,194.3,622.65,143.43,237.73,0.02125,176.76,0
3.7042,1.0168,3.1721,2.5639,3.4631,3.5305,0.74509,2.5349,3.7527,3.7766,0.64216,0.13061,0.63002,0.78541,0.82291,0.23758,0.041196,0.19458,0.21877,0.26928,289.39,589.01,282.94,604.44,261.26,2.2462,0.0087634,286.07,0
3.328,0.6251,2.1948,3.1737,2.8215,3.1818,0.52445,2.6304,3.9442,2.9313,0.52349,0.17297,0.44795,0.59528,0.48346,0.16086,0.053133,0.10966,0.16981,0.18093,351.71,547.4,259.7,609.27,166.45,369.54,0.033299,151.49,1
1.8998,0.36535,1.2235,1.9496,2.8856,2.1101,0.24827,1.9645,2.1553,2.306,0.53665,0.17526,0.46116,0.70207,0.64269,0.17331,0.060536,0.12194,0.1676,0.21717,383.2,503.53,352.52,555.16,119.85,830.19,0.025538,135.44,1
1.0744,0.65448,1.1348,1.867,2.4951,1.9923,0.74514,1.1034,1.5368,1.9687,0.57979,0.11781,0.61463,0.62036,0.70496,0.21347,0.035686,0.20287,0.22584,0.21419,208.54,580.08,200.55,613.42,169.74,138.12,0.015684,199.15,0
3.191,0.97007,2.4463,3.6347,3.9376,2.7576,0.98407,1.5473,3.1297,4.1878,0.51411,0.12906,0.58279,0.56084,0.67859,0.17271,0.047603,0.16321,0.16768,0.18978,244.84,584.24,275.45,611.92,245.36,71.097,0.015953,232.26,0
1.8945,0.84773,1.4536,1.9336,2.3392,1.5587,1.0759,1.0122,1.3141,1.967,0.47612,0.099063,0.63142,0.49261,0.71032,0.19396,0.064538,0.19764,0.21205,0.2045,184.55,495.52,211.17,522.48,192.09,308.14,0.012841,177.86,0
0.13603,0.045017,0.033588,0.068895,0.18691,0.088007,0.076328,0.060325,0.075347,0.12204,0.71073,0.030455,0.71254,0.65889,0.71442,0.21857,0.020371,0.23173,0.26188,0.23726,243.41,552.54,171.98,518.57,19.864,437.43,0.0083125,41.016,1
2.0551,0.58996,1.9322,1.9905,3.3313,2.1214,0.51873,1.334,1.9323,2.2386,0.48255,0.085436,0.48935,0.62838,0.55844,0.16883,0.044808,0.11995,0.18063,0.21235,235.77,550.82,240.93,557.13,129.09,236.23,0.022692,153.27,0
3.097,0.78215,3.002,3.4533,4.1223,2.78,0.571,2.8975,3.2034,3.4347,0.36803,0.16368,0.39821,0.59801,0.6127,0.13694,0.057831,0.10463,0.21512,0.17959,182.78,586.56,222.37,602.05,161.76,87.856,0.040873,189.46,0
0.32472,0.11093,0.15343,0.31453,0.48168,0.36756,0.12294,0.18712,0.19441,0.27428,0.6128,0.058326,0.57765,0.65045,0.65786,0.1932,0.037991,0.17759,0.21927,0.24935,321.85,520.07,256.49,573.87,57.303,318.08,0.013065,63.23,1
1.0969,0.29776,0.54038,0.99494,1.3475,0.52448,0.33958,0.69524,0.81992,1.0494,0.51742,0.10468,0.49295,0.62219,0.53314,0.15735,0.046299,0.16983,0.1954,0.23889,263.49,551.92,285.87,516.46,108.2,385.61,0.029459,139.34,1
4.6448,1.2638,4.5928,4.1576,5.5514,4.4574,0.77977,3.6102,4.4013,4.6253,0.71025,0.13556,0.69173,0.83047,0.77308,0.25087,0.048443,0.22436,0.2293,0.27278,309.04,504.54,173.52,611,272.48,6.3967,0.033104,261.19,0
0.56978,0.28356,0.47616,0.64969,1.0694,0.73837,0.21796,0.59287,0.57674,0.59161,0.53657,0.074649,0.5467,0.60096,0.6308,0.19827,0.032305,0.18114,0.16761,0.20789,299.21,526.6,259.14,570.24,86.133,433.68,0.017001,95.223,1
5.7006,0.94698,5.5126,5.4913,5.7265,5.348,0.20133,4.8013,5.7224,5.8569,0.7131,0.12479,0.61802,0.84623,0.83957,0.26118,0.039514,0.21293,0.25348,0.27421,421.21,563.37,251.78,661.64,273.87,0.15681,0.025802,244.76,0
4.8358,1.1116,4.5059,3.9357,5.3321,4.5531,0.53803,3.4235,4.5632,5.1596,0.79138,0.11063,0.78781,0.9011,0.80832,0.27067,0.039496,0.23875,0.2481,0.29752,398.04,607.71,317.35,668.12,285.76,1.2147,0.026989,255.47,0
0.31922,0.11428,0.13257,0.30836,0.30383,0.22667,0.16649,0.25904,0.23555,0.35061,0.65179,0.11501,0.60786,0.65207,0.67537,0.19323,0.047863,0.19789,0.21641,0.22449,403.88,533.64,384.18,509.82,48.818,496.21,0.019859,75.225,1
2.48,0.72774,1.9513,2.865,2.7519,2.3183,0.52226,2.0821,2.199,2.4097,0.57952,0.14413,0.52994,0.58641,0.50556,0.16799,0.059984,0.094333,0.19637,0.18816,314.1,538.32,327.34,593,210.06,551.45,0.017796,204.33,1
2.869,0.56508,2.0159,3.0442,3.3247,2.667,0.39428,2.7448,2.6264,2.9665,0.3676,0.12833,0.44407,0.46491,0.53899,0.13977,0.061264,0.12084,0.13523,0.18643,174.84,549.88,193.24,534.34,137.83,299.26,0.028726,162.99,0
5.3711,0.93728,5.2477,5.2619,5.1412,5.6759,0.38921,4.724,5.479,5.7237,0.68003,0.18372,0.6764,0.83276,0.85792,0.25506,0.061651,0.21863,0.25016,0.28891,386.4,570.6,311.65,681.44,299.18,0.99699,0.020317,287.69,0
3.1931,0.87856,3.0033,3.6492,4.3927,3.251,0.7086,2.6211,3.8032,4.4689,0.48268,0.13393,0.47687,0.57539,0.57076,0.18893,0.04909,0.15524,0.16799,0.18032,266.18,526.28,277.84,545.92,224.93,61.035,0.026758,218.29,0
3.219,0.71649,2.6049,4.251,4.026,3.5925,0.49099,3.3456,3.5359,3.4656,0.4004,0.15093,0.37598,0.48789,0.56074,0.13075,0.059451,0.094977,0.15137,0.18763,264.86,537.98,254.25,586.42,151.66,261.88,0.0093318,158.8,1
5.2775,1.1884,4.4446,4.4591,4.5399,4.8027,0.47149,3.4267,4.8172,5.1282,0.69777,0.095458,0.72829,0.77139,0.81814,0.25317,0.047585,0.20156,0.20248,0.26209,318.94,540.28,285.57,628.64,282.65,0.892,0.022316,252.06,0
2.3857,1.0045,1.9195,2.7803,3.4971,3.2657,0.82187,1.7493,2.9308,3.1783,0.57481,0.18284,0.59355,0.68921,0.76032,0.18907,0.06073,0.16391,0.20831,0.21494,217.35,577.44,269.68,573.73,224.85,64.817,0.0063665,208.84,0
2.1783,0.48161,1.5078,2.3417,2.681,1.8614,0.4349,2.135,1.7844,2.3637,0.47272,0.11137,0.42417,0.44867,0.50988,0.16746,0.037946,0.11089,0.15489,0.14367,175.64,589.2,134.91,576.19,154.81,190.77,0.013595,114.22,0
5.2032,1.1703,4.654,4.0051,5.0104,4.6713,0.58283,3.4866,4.7707,5.5688,0.7918,0.16614,0.75173,0.92506,0.89036,0.26258,0.062274,0.22194,0.2516,0.29296,381.55,580.11,310.16,664.35,299.32,0.45713,0.025404,284.33,0
0.39273,0.17341,0.2144,0.35383,0.45284,0.31412,0.21029,0.30863,0.27521,0.41592,0.59371,0.043956,0.53905,0.61583,0.60447,0.19351,0.033993,0.18377,0.22757,0.23373,236.59,550.41,240.73,534.25,40.376,446.65,0.052408,61.797,1
2.6303,0.6692,2.5763,4.2513,3.2507,2.4242,0.38629,2.8414,3.0689,3.9347,0.46006,0.14366,0.4546,0.56715,0.61055,0.17795,0.051349,0.14992,0.14985,0.20088,205.83,533.97,181.94,523.81,133.29,215.56,0.020819,185.92,0
2.5829,0.8004,1.9804,2.3709,3.6703,2.8925,0.73764,2.1042,3.0707,3.4055,0.71119,0.17674,0.61416,0.64851,0.68643,0.17637,0.057572,0.16944,0.1973,0.24746,300.44,554.86,300.1,624.33,206.09,278.14,0.020398,249.6,0
1.3354,0.389,1.2771,1.2707,2.0625,1.1468,0.30605,1.1376,1.1819,1.4615,0.48718,0.12898,0.47755,0.65701,0.61272,0.17754,0.050713,0.13644,0.18027,0.20789,366.3,541.45,358.82,551.78,91.996,277.21,0.030851,101.54,1
3.6876,0.69899,3.8604,4.0985,4.0093,3.4168,0.41434,3.5813,3.9045,3.8103,0.45308,0.11744,0.44832,0.58117,0.46824,0.14454,0.050872,0.12817,0.16581,0.17582,191.55,534.46,161.33,585.67,130.03,50.231,0.017074,128.12,0
3.1101,0.67836,3.5145,2.7956,3.8917,3.2194,0.64996,2.0776,3.4074,3.6326,0.41488,0.13596,0.37672,0.53987,0.45956,0.13991,0.054831,0.097729,0.14353,0.1639,209.48,600.13,179.87,563.63,212.98,170.3,0.017121,192.13,0
2.6364,1.1251,1.4759,2.0195,2.8546,2.2675,1.2383,1.0169,1.6504,3.7295,0.69574,0.15977,0.76924,0.78322,0.87692,0.20704,0.056402,0.18454,0.25231,0.28196,298.12,638.73,374.87,596.65,285.08,21.585,0.014572,323.06,0
4.604,0.65537,4.1893,3.8525,4.7134,4.4888,0.19805,3.9901,4.5435,5.0432,0.58697,0.051793,0.52802,0.53387,0.63373,0.18757,0.035886,0.16259,0.16955,0.1712,247.5,527.03,165.76,505.78,152.5,30.885,0.018644,142.2,0
1.1551,0.26667,0.42838,0.85235,1.3132,0.90695,0.30013,0.71553,0.91161,0.84901,0.51269,0.11705,0.49331,0.56804,0.59068,0.15644,0.05231,0.16106,0.18712,0.19001,322.9,499.06,256.47,531.06,73.544,312.85,0.0456,101.97,1
3.6993,1.0988,3.0101,3.3054,3.2386,2.7664,0.69036,2.1043,3.2676,4.3018,0.57474,0.14936,0.62797,0.75941,0.75645,0.21991,0.058903,0.16612,0.19742,0.2501,224.43,586.9,297.95,641.45,270.94,45.764,0.017164,243.6,0
0.60229,0.20286,0.4046,0.73428,1.047,0.5879,0.17685,0.54839,0.55632,0.81254,0.68039,0.039756,0.64113,0.62256,0.65669,0.20306,0.026027,0.16635,0.20952,0.24748,273.23,582.02,304.55,591.47,87.298,291.9,0.01021,101.92,1
1.8161,0.48515,1.159,1.7545,2.4256,1.3131,0.52134,1.7055,1.9257,2.3205,0.56742,0.12277,0.47306,0.53644,0.62681,0.15824,0.048268,0.12668,0.17478,0.20629,254.72,610.67,258.38,506.54,102.03,203.2,0.0072748,143.5,0
5.1675,1.3033,4.6802,4.1812,5.0262,4.3688,0.70619,3.1308,4.6998,5.2908,0.70309,0.19721,0.7149,0.92092,0.88406,0.26326,0.05894,0.20702,0.20146,0.27009,414.73,589.04,366.29,665.72,302.9,1.3169,0.043801,302.05,0
2.241,0.8249,2.0718,3.0964,3.9035,2.5648,0.81459,2.0682,2.828,3.3969,0.57629,0.14441,0.48332,0.60165,0.52363,0.16091,0.070261,0.14659,0.19727,0.2113,256.13,557.22,261.42,594.3,195.83,141.34,0.0083276,223,0
3.3557,0.70335,2.3018,3.584,4.3406,3.71,0.55106,3.2622,3.6805,4.3098,0.49508,0.16181,0.39723,0.52411,0.55883,0.15514,0.058326,0.11989,0.15187,0.17962,322.94,559.73,318.53,585.05,191.1,171.4,0.014616,194.9,1
1.5599,0.44495,1.2624,1.8883,2.4057,1.5853,0.4905,1.5208,1.7852,1.6382,0.53764,0.12653,0.49737,0.60098,0.54876,0.15912,0.054325,0.15526,0.18761,0.20271,273.22,542.42,318.54,546.59,133.04,378.33,0.025022,153.06,1
4.3734,0.52606,3.9824,4.2076,4.6647,4.6008,0.35873,4.0816,4.5003,4.5653,0.37665,0.15192,0.29321,0.45752,0.52053,0.15643,0.056716,0.092775,0.15895,0.14653,264.63,515.77,218.92,558.41,160.83,106.47,0.018636,188.67,0
2.1904,0.7292,1.9561,2.0457,3.4706,2.4232,0.82347,1.7922,2.2514,2.86,0.53224,0.11299,0.52327,0.59371,0.67719,0.19913,0.051396,0.16399,0.1589,0.19549,145.96,566.55,243.21,619.87,199,345.1,0.025379,167.23,0
3.4776,0.8407,4.3005,4.502,5.0956,3.706,0.50316,4.0875,4.6235,4.2255,0.53369,0.17914,0.42054,0.60163,0.5525,0.17045,0.057266,0.12947,0.18969,0.19482,286.41,563.38,332.32,595.45,203.45,6.4628,0.0065876,210.93,0
2.7941,1.0593,3.3419,3.818,3.6717,3.2517,0.77771,2.9058,4.1894,3.8927,0.51817,0.1303,0.57051,0.61766,0.63323,0.20455,0.056322,0.14243,0.20155,0.21961,205.14,549.53,174.14,548.83,216.25,11.057,0.015253,225.63,0
4.2045,1.3936,4.3451,3.3725,4.2518,4.2233,0.78904,2.2201,3.6165,4.851,0.84417,0.077804,0.87152,0.91776,0.9208,0.30673,0.034317,0.28396,0.28024,0.32364,358.6,601.47,276.14,640.29,290.69,0.025511,0.028397,273.75,0
4.2013,1.1743,3.8519,3.0705,4.4237,4.0448,0.8104,2.6606,4.2039,4.9311,0.69637,0.15228,0.7612,0.82192,0.81533,0.25619,0.067182,0.19924,0.2482,0.27859,358.81,593.89,317.81,626.67,262.31,5.3353,0.010452,271.08,0
4.0777,0.55051,4.9285,4.4418,4.8318,4.2626,0.39165,4.1407,4.8046,4.586,0.41655,0.14299,0.4313,0.49088,0.44482,0.18776,0.048121,0.15355,0.17608,0.19461,268.63,526.41,257.31,557.11,167.15,36.565,0.0090617,180.44,0
0.80396,0.29214,0.3453,0.87663,1.3174,0.76765,0.34089,0.61747,0.87772,1.1609,0.62554,0.085389,0.57193,0.62196,0.66881,0.17937,0.040985,0.14618,0.17862,0.21646,279.85,560.5,259.32,546.75,74.997,342.35,0.021321,106.23,1
2.8572,0.87725,2.4214,3.3467,4.2331,2.3404,0.6917,2.4714,3.7464,3.3437,0.41719,0.122,0.39324,0.48914,0.47495,0.14034,0.053515,0.11073,0.14753,0.18239,168.79,591.05,187.9,552.23,190.76,136.39,0.049411,164.58,0
0.28357,0.17167,0.11296,0.33305,0.40514,0.20454,0.16818,0.12407,0.1294,0.2198,0.58503,0.088675,0.49715,0.64943,0.66591,0.17403,0.043833,0.16469,0.20945,0.23385,365.04,560.84,334.61,594.39,54.341,216.31,0.017643,65.883,1
4.1097,0.61478,3.5843,4.1283,4.7576,3.7257,0.25124,3.9182,4.262,4.5296,0.51872,0.11649,0.5251,0.59769,0.57661,0.17569,0.049932,0.15118,0.16834,0.1885,295.3,558.77,204.73,563.62,164.65,42.617,0.010347,145.96,0
0.060294,0.059034,0.011576,0.028546,0.069313,0.034647,0.083642,0.014832,0.027617,0.043761,0.83859,0.05858,0.82743,0.81758,0.86515,0.28606,0.029204,0.28307,0.3034,0.31078,432.38,584.77,401.04,598.45,29.411,461.53,0.027865,42.417,1
4.7352,1.3039,4.3672,4.1872,4.9161,4.5012,0.71765,3.0994,4.6584,4.8997,0.7365,0.098573,0.74977,0.82291,0.82501,0.2499,0.046738,0.22672,0.2258,0.2818,369.93,527.54,309.52,686.69,273.43,2.6938,0.023958,282.9,0
2.5595,0.7969,1.727,2.9206,3.4561,2.4132,0.78925,1.9877,2.8869,3.1211,0.51829,0.14693,0.53953,0.54851,0.57201,0.16096,0.063515,0.13354,0.16503,0.18013,258.91,590.96,232.37,552.98,193.95,228.48,0.033942,195.5,0
5.5505,1.0106,5.4696,5.1717,5.2951,5.52,0.18739,4.9789,5.2456,5.8672,0.80679,0.10782,0.82955,0.90963,0.91916,0.2859,0.036069,0.25054,0.24918,0.2912,435,527.32,291.07,681.14,276.2,0.086988,0.026309,236.44,0
3.9373,0.95681,2.5861,3.0054,3.4676,3.7795,0.55077,1.7543,2.3716,4.1911,0.68501,0.091642,0.7868,0.71767,0.77602,0.24317,0.043918,0.22724,0.23058,0.26517,300.64,614.74,248.94,644.39,259.95,3.2761,0.015022,251.46,0
0.29108,0.19049,0.13392,0.17559,0.40693,0.17295,0.23131,0.14394,0.14517,0.1923,0.66748,0.057188,0.66677,0.69034,0.72681,0.22819,0.031987,0.22258,0.23169,0.24623,366.88,545.11,350.05,547.31,49.819,567.11,0.018769,79.959,1
0.61154,0.22499,0.32244,0.34699,0.82349,0.42924,0.3167,0.56878,0.32095,0.52668,0.60196,0.057361,0.66852,0.63274,0.70343,0.21731,0.03279,0.21528,0.25853,0.2591,355.58,555.07,359.09,541.1,73.393,663.88,0.017335,95.48,1
0.58606,0.28466,0.29744,0.43883,0.90213,0.58773,0.33408,0.38053,0.52978,0.75729,0.64719,0.075192,0.55592,0.61877,0.66193,0.20104,0.036438,0.17661,0.23787,0.24048,324.71,568.26,324.09,557.65,87.461,338.11,0.034111,116.31,1
1.4601,0.44852,1.4093,1.8796,2.0026,1.6025,0.48121,1.0387,1.3889,1.8144,0.42197,0.098757,0.46906,0.61029,0.54213,0.16033,0.047727,0.14827,0.16062,0.22239,243.2,542.66,251.07,590.5,121.41,303.71,0.038654,131.73,1
3.5917,0.80016,2.6924,3.651,3.6938,2.4633,0.48376,3.1313,3.589,3.6631,0.48543,0.1322,0.54516,0.57312,0.56617,0.15866,0.049439,0.12555,0.15819,0.17588,196.71,580.51,190.08,541.15,185.96,77.493,0.013789,158.09,0
6.1043,1.3487,6.1119,5.6785,6.0446,5.9848,0.22354,4.8388,5.8435,6.22,0.87672,0.10126,0.87166,1.0026,0.98958,0.30642,0.026678,0.30192,0.27017,0.34622,444.21,520.46,318.39,699.81,308.04,0.008028,0.02596,239.7,0
4.7707,0.92998,4.5249,4.6397,4.5255,4.7137,0.28408,3.6634,4.8424,4.9816,0.72733,0.075682,0.70299,0.80079,0.78289,0.26589,0.029275,0.23424,0.24882,0.27719,296.82,604.57,254.5,660.38,268.19,0.36964,0.0088259,231.37,0
0.61621,0.26987,0.52859,0.78671,1.2151,0.69953,0.28912,0.60398,0.84299,0.87903,0.59018,0.12031,0.48411,0.65848,0.62975,0.19802,0.048254,0.1803,0.19567,0.2165,332.36,525.78,253.08,579.09,60.23,474.34,0.036282,100.54,1
4.5758,0.90323,4.1958,4.3253,4.6729,4.3941,0.39455,3.6743,5.186,4.9541,0.65353,0.11143,0.61264,0.71938,0.74672,0.21996,0.041937,0.15845,0.22546,0.25837,301.7,564.36,200.15,633.91,227.71,7.7293,0.021641,213.85,0
4.3485,0.95039,4.3703,4.4052,5.2469,4.578,0.44952,3.9791,4.54,4.9686,0.51925,0.20144,0.54439,0.73786,0.74831,0.18837,0.075038,0.13646,0.17533,0.2217,350.14,561.8,310.88,638.81,245.06,48.44,0.034913,222.38,0
2.7712,0.48254,2.429,3.1625,4.0783,2.919,0.50683,2.6711,3.312,3.5257,0.47736,0.13045,0.40421,0.4727,0.36521,0.13752,0.050963,0.11098,0.1361,0.16338,228.99,555.63,258.28,485.49,199.05,206.27,0.015651,206.64,0
1.0849,0.36634,1.9707,1.6138,1.6695,1.3093,0.33402,2.173,1.5293,1.6722,0.56145,0.13645,0.5032,0.53116,0.62299,0.16249,0.052041,0.13419,0.19731,0.20799,377.56,580.31,365.72,516.97,135.63,615.68,0.030597,140.02,1
2.9801,0.60727,2.7032,3.8231,3.4791,3.5043,0.59865,2.7921,3.0219,3.804,0.57086,0.13096,0.52498,0.60289,0.6388,0.18491,0.055444,0.1527,0.17045,0.21847,210.98,544.94,229.29,594.14,245.77,76.327,0.016234,213.52,0
4.3442,0.80699,4.2976,3.8648,4.9108,4.121,0.42602,3.3599,4.4484,4.5844,0.60427,0.13556,0.59064,0.6949,0.67127,0.21888,0.046923,0.16183,0.20757,0.22984,277.73,564.32,241.9,612.08,238.93,5.0274,0.010561,218.21,0
2.0041,0.88626,1.744,2.1917,2.6871,2.1064,0.71828,1.5191,2.0406,2.2916,0.516,0.13603,0.52404,0.5583,0.66311,0.20688,0.050088,0.15232,0.19379,0.21572,231,611.04,261.32,594,197.69,327.6,0.026596,206.53,0
2.8671,0.78449,2.903,3.5849,3.4738,3.1235,0.8446,2.4835,3.3898,3.4712,0.41962,0.17338,0.43318,0.50182,0.60058,0.15447,0.066593,0.099581,0.15926,0.17782,255.72,583.32,294.41,530.89,229.31,253.93,0.010053,232.23,0
5.2717,1.1015,5.5925,4.8496,5.4449,5.5474,0.24016,4.458,5.4283,5.745,0.8546,0.1034,0.79066,0.91448,0.90853,0.29897,0.033216,0.26503,0.26864,0.3098,401.13,578.54,166.69,663.96,284.47,0.010169,0.0093782,260.3,0
2.9141,0.91861,1.6343,1.9584,4.2658,2.7003,1.017,2.1675,2.5428,3.391,0.53791,0.13815,0.46765,0.65478,0.68912,0.20286,0.046507,0.14871,0.20406,0.2019,243.61,585.46,247.05,556.21,208.36,102.25,0.0076318,205.13,0
1.1667,0.28633,0.56548,1.3018,1.3497,1.4626,0.20676,0.94209,1.0557,1.4408,0.56841,0.18852,0.50909,0.65409,0.67896,0.17897,0.065622,0.14292,0.21398,0.24215,366.41,556.64,306.75,609.61,75.748,311.37,0.032491,113.63,1
2.9472,0.47412,2.2534,3.9487,3.8308,2.8604,0.45083,3.3308,3.1875,3.5155,0.50825,0.15924,0.40198,0.52142,0.57244,0.16074,0.057596,0.12674,0.16887,0.1731,241.53,592.08,255.56,549.03,123.93,258.05,0.030534,121.41,1
0.30679,0.16488,0.17912,0.29225,0.52798,0.30398,0.15258,0.2895,0.25649,0.34845,0.65548,0.060653,0.65809,0.64835,0.67027,0.205,0.037723,0.19567,0.22859,0.24846,388.72,543.21,370.92,525.65,58.645,474.29,0.019217,98.051,1
0.14957,0.11473,0.10002,0.16407,0.27809,0.20234,0.11725,0.11569,0.12841,0.12801,0.73612,0.068163,0.71564,0.74752,0.76769,0.24772,0.037175,0.23741,0.25362,0.26921,426.93,544.03,346.74,529.3,40.519,321.55,0.01722,56.739,1
2.2858,1.0388,1.5713,1.7787,2.7693,2.2404,0.94067,0.99085,1.7452,2.7829,0.60918,0.10706,0.62303,0.57093,0.62202,0.16945,0.043152,0.16863,0.20724,0.2124,135.1,560.62,171.62,598.92,201.08,236.07,0.020495,206.01,0
2.1917,0.67931,1.4776,2.2294,2.4618,1.8961,0.55334,1.7278,2.5309,2.2706,0.42563,0.080782,0.44604,0.50088,0.45278,0.15477,0.046521,0.11695,0.14804,0.19114,129.04,562.25,204.47,573.91,183.13,420.74,0.047351,164.73,0
3.5527,0.46798,4.0389,3.8509,3.8673,4.3334,0.2721,4.0373,3.8678,4.6955,0.52818,0.13587,0.40334,0.55996,0.54459,0.15102,0.052982,0.098263,0.11001,0.18132,242.12,528.94,216.8,571.35,131.89,253.47,0.033279,141.01,0
2.2701,0.59513,1.4753,2.3663,2.7959,2.421,0.50402,1.8375,2.0592,2.181,0.58365,0.13101,0.39268,0.49574,0.51461,0.15791,0.053519,0.10827,0.14504,0.19221,270.88,583.78,249.99,503.83,165.89,301.43,0.047704,162.91,1
4.1966,0.84157,4.5463,4.5752,4.9872,4.0507,0.44574,3.9569,4.4689,5.4287,0.70169,0.1975,0.60409,0.80077,0.7954,0.22998,0.062047,0.18347,0.22126,0.24567,370.21,587.93,238.89,633.47,209.39,15.82,0.026697,190.21,0
5.3069,0.98489,5.3391,5.3293,5.4886,5.2677,0.22475,4.6214,5.3451,5.7015,0.65453,0.098221,0.59334,0.76591,0.7942,0.24315,0.039005,0.19309,0.20429,0.23959,368.12,523.67,260.15,637.86,246.81,1.3521,0.028027,188.64,0
0.7182,0.26916,0.44582,0.88499,0.62969,0.70047,0.19142,0.52963,0.65722,0.55751,0.69194,0.10406,0.54001,0.6231,0.68178,0.19831,0.05119,0.20417,0.23331,0.23179,361.66,550.89,317.61,523.38,60.326,320.89,0.028957,97.348,1
6.1877,1.621,6.1245,5.3522,5.9265,5.9825,0.46109,4.1668,5.6907,6.218,0.9607,0.09748,1.0057,1.0457,1.0395,0.34247,0.032871,0.33728,0.33079,0.37461,459.25,607.11,372.06,735.06,344.46,0,0.046385,349.68,0
5.2958,1.5775,5.175,4.4354,4.7687,5.312,0.926,2.988,4.6671,5.8189,0.91344,0.076259,0.91793,0.98688,0.96954,0.32824,0.033191,0.30522,0.30172,0.35481,417.22,570.48,324.44,692.85,332.67,0.0085632,0.033827,337.11,0
1.9211,0.60708,1.3771,2.4725,2.9851,1.8861,0.47232,2.2025,2.0632,2.0242,0.43296,0.12259,0.39557,0.50343,0.52299,0.14999,0.053077,0.11063,0.13828,0.15675,244.09,565.42,238.55,564.79,126.3,292.55,0.022519,129.38,0
1.3332,0.49568,1.0054,1.5764,1.4401,1.2867,0.42618,1.3187,1.2097,1.4578,0.57425,0.070953,0.47224,0.50925,0.61436,0.15076,0.043836,0.13717,0.2251,0.16907,213.48,538.74,262.24,538.76,109.2,288.87,0.02564,120.59,0
3.5817,1.2056,3.298,2.8198,4.3911,3.377,0.74686,2.2685,3.8108,4.3403,0.66674,0.12106,0.71254,0.72687,0.7145,0.22131,0.051555,0.16768,0.23282,0.23618,278.38,591.19,226.45,598.67,260.07,37.025,0.020953,210.91,0
3.2608,0.68914,2.484,2.8885,3.6851,2.8986,0.54596,2.9827,3.1851,3.1575,0.39075,0.10174,0.32716,0.43676,0.43583,0.15059,0.050197,0.10432,0.14029,0.16094,221.41,571.32,185.64,506.13,136.51,219.83,0.019626,134.44,0
4.6649,0.531,3.8206,3.6321,5.2996,4.4245,0.26452,5.0251,4.3447,4.6845,0.46607,0.1505,0.35994,0.41107,0.56389,0.12423,0.058522,0.10229,0.16298,0.16655,265.42,533.1,250.37,572.54,187.16,188.04,0.016656,180.27,1
1.5811,0.58905,1.0935,1.5435,2.2922,1.8769,0.6991,1.3492,1.5372,2.341,0.62257,0.088024,0.5181,0.60088,0.56551,0.17699,0.044404,0.14147,0.17361,0.20878,273.14,574.5,343.32,560.43,164.7,335.96,0.019641,143.41,1
2.0047,0.40259,1.6241,2.2616,2.5777,2.4144,0.38749,1.5252,3.0361,2.1488,0.43486,0.12288,0.43602,0.62314,0.64001,0.14586,0.046512,0.10106,0.12984,0.18731,200.59,580.03,245.39,639,157.13,310.78,0.035591,130.36,0
4.6619,0.86347,3.8005,4.3722,4.5324,4.5157,0.36634,3.6666,4.1015,4.4125,0.6348,0.12495,0.58784,0.72052,0.74607,0.24454,0.040518,0.20106,0.20768,0.25221,279.68,528.45,222.47,623.04,197.48,5.8139,0.0068346,160.24,0
3.8438,0.56493,4.1519,4.2555,3.9884,4.2581,0.31018,3.8435,4.0212,4.6952,0.38432,0.10009,0.32634,0.42763,0.46903,0.12584,0.042734,0.092994,0.14833,0.15651,182.56,562.73,114.35,547.08,161.52,16.5,0.0092186,159.1,0
5.1424,1.0921,4.9126,4.2289,5.5245,5.6111,0.29657,4.3365,5.3768,5.4223,0.76795,0.10513,0.72488,0.81388,0.88595,0.24336,0.032653,0.2366,0.24972,0.31903,390.14,541.92,308.74,694.79,271.75,0.3841,0.0066327,191.54,0
2.3024,0.51595,1.3652,2.4123,3.1665,1.8193,0.59268,2.064,1.9256,2.6735,0.44145,0.16477,0.28428,0.54529,0.52529,0.12078,0.067126,0.094862,0.14337,0.17427,297.33,562.65,315.88,536.03,131.74,350.57,0.058265,157.22,1
1.3398,0.34407,0.65532,1.4093,1.9904,1.2051,0.39892,1.4351,1.2209,1.4553,0.61971,0.17081,0.49208,0.61483,0.69246,0.1743,0.049266,0.13537,0.17619,0.21508,405.93,584.79,408.52,524.65,143.11,535.72,0.057581,167.91,1
4.7651,0.88183,3.7737,4.4588,4.0421,4.1303,0.33903,3.4813,4.4566,4.2688,0.74705,0.069866,0.69085,0.8309,0.8181,0.26537,0.035346,0.22016,0.23395,0.2853,319.2,508.74,209.08,636.13,207.26,1.973,0.013173,181.51,0
0.040832,0.046695,0.013036,0.019808,0.052169,0.028511,0.097343,0.012234,0.01359,0.027266,0.81234,0.023255,0.7884,0.72933,0.87566,0.27363,0.017179,0.26526,0.30797,0.30028,296.46,549.24,169.88,599.07,19.15,408.7,0.015156,29.355,1
0.49142,0.21526,0.17355,0.54101,0.75732,0.46731,0.18449,0.3486,0.26514,0.63232,0.59594,0.087107,0.50107,0.6174,0.67199,0.18334,0.039865,0.16345,0.2079,0.23937,370.32,540.95,371.42,537.81,66.117,356.31,0.014492,85.082,1
6.3829,1.5668,6.4248,5.9963,6.0289,6.1941,0.12135,5.1561,5.8549,6.2349,0.96814,0.042171,1.0105,1.0459,1.0449,0.34965,0.015722,0.34554,0.33635,0.38216,459.59,556.63,334.82,733.37,331.6,0,0.017038,326.11,0
1.4893,0.53802,0.62705,1.0191,1.7605,1.3721,0.38667,0.94663,1.2547,1.5721,0.58633,0.10591,0.50715,0.6266,0.65158,0.18027,0.037633,0.15542,0.20083,0.19999,304.44,597.51,260.47,547.6,110.74,271.24,0.035742,103.2,1
2.2135,0.61306,1.8666,2.7936,2.9994,3.0399,0.32177,3.0565,2.6597,2.9831,0.54877,0.15687,0.51907,0.58005,0.59159,0.13534,0.062265,0.1082,0.16842,0.20117,380.31,539.08,344.11,499.49,168.22,385.23,0.018612,160.63,1
1.5889,0.33869,1.6649,1.8118,2.3097,1.7212,0.3633,2.0243,1.7464,1.4902,0.58629,0.14383,0.46568,0.54452,0.62665,0.16584,0.044537,0.13075,0.17574,0.20731,321.51,546.37,288.38,597.46,101.65,236.01,0.032331,108.35,1
0.60654,0.13461,0.3165,0.91118,0.86041,0.8482,0.11089,0.46463,0.50892,0.73116,0.59693,0.097032,0.59057,0.71415,0.70636,0.22283,0.038213,0.17846,0.21596,0.25725,306.54,562.07,287.25,596.45,60.507,278.05,0.020801,67.893,1
3.2056,0.95723,2.7601,2.5891,3.6672,2.6778,1.0233,1.8839,3.023,3.5493,0.58452,0.14977,0.65388,0.73155,0.68547,0.19387,0.057443,0.16466,0.19628,0.2384,226.11,601.07,257.74,551.52,245.33,285.81,0.0058293,260.68,0
3.3058,0.52966,2.6648,3.3729,3.6391,3.06,0.56816,2.7235,2.96,3.8523,0.42256,0.1618,0.40361,0.47587,0.54339,0.13852,0.056703,0.13025,0.16352,0.18191,182.06,573.98,248.32,532.4,179.86,193.12,0.03054,182.92,0
2.9178,0.37383,2.1442,3.1224,2.8144,1.8474,0.41171,1.9356,2.7244,2.7718,0.49523,0.093297,0.51839,0.50307,0.49545,0.15565,0.050825,0.14475,0.16967,0.18193,284.47,534.39,223.16,562.04,147.39,282.6,0.037698,205.92,0
1.9796,0.63538,1.5009,2.0872,2.753,2.3311,0.81151,1.827,2.0498,2.7587,0.55263,0.14516,0.53807,0.59124,0.68728,0.18339,0.05044,0.1365,0.20212,0.19024,286.52,551.17,302.84,562.37,197.99,322.27,0.0458,200.22,1
3.589,0.90872,3.6438,3.7343,4.1525,3.2926,0.67995,3.3725,4.1419,4.8234,0.63227,0.1471,0.62706,0.71684,0.74585,0.22241,0.048038,0.16944,0.21331,0.23471,367.6,609.12,344.18,590.51,277.38,8.5321,0.016006,281.02,0
3.4277,1.2136,2.3308,2.6269,3.6891,3.0796,1.2079,1.4403,2.9612,3.9514,0.69517,0.15332,0.6985,0.78394,0.84482,0.22458,0.067155,0.23055,0.23031,0.30299,264.9,529.99,267.29,617.12,300.17,58.783,0.029663,307.22,0
3.7824,0.66255,3.0102,4.1719,3.7552,3.8349,0.30314,3.4595,3.2657,3.4552,0.5283,0.11251,0.49726,0.51456,0.5687,0.17989,0.049931,0.15363,0.18655,0.21705,254.06,495.66,182.67,541.45,184.19,41.717,0.046927,205.66,0
1.2778,0.4157,0.72198,1.4057,1.6323,1.2662,0.36411,0.83655,1.0939,1.422,0.61674,0.13076,0.43278,0.58008,0.58273,0.19834,0.05417,0.14654,0.21335,0.22811,312.97,587.54,346.25,571.21,122.73,205.94,0.026415,114.98,1
1.0684,0.29691,0.5709,1.1014,1.1886,1.2624,0.29389,0.89887,0.87909,0.93095,0.54562,0.12186,0.4962,0.66357,0.67085,0.1868,0.058562,0.14549,0.16869,0.20561,344.07,563.92,322.25,538.92,120.42,530.07,0.01289,133.39,1
5.1917,0.89195,4.4265,4.1065,4.6306,4.9021,0.52294,3.2775,4.9545,5.2644,0.809,0.087707,0.76092,0.89288,0.86859,0.26349,0.051189,0.21787,0.2562,0.30356,378.87,612.6,288.77,689.5,284.87,0.26189,0.0040689,256.01,0
1.9169,0.50367,1.9889,2.0672,3.5852,1.8338,0.7901,1.6034,2.0986,3.2654,0.48571,0.1388,0.38876,0.53378,0.61232,0.136,0.058886,0.11371,0.16285,0.21872,363.39,563.48,386.05,525.39,186.39,263.98,0.017262,188.79,1
1.0652,0.27303,0.4564,0.76046,1.3856,0.6994,0.3267,0.56996,0.98723,0.8949,0.66498,0.093419,0.54551,0.66853,0.60918,0.18518,0.034223,0.18901,0.20767,0.21915,274.34,584,264.19,575.21,101.78,523.33,0.050568,137.27,1
1.0972,0.30803,1.2804,1.3713,1.3931,1.2815,0.32875,1.5061,1.4687,1.3547,0.53283,0.16224,0.45772,0.58938,0.59061,0.12388,0.065427,0.10166,0.17416,0.16054,345.27,566.19,340.35,512.5,139.01,465.78,0.1054,132.92,1
1.1308,0.39933,0.88909,1.4825,1.6045,1.0198,0.22856,1.3836,0.97671,1.126,0.56366,0.092648,0.45848,0.58176,0.58443,0.19068,0.03804,0.14721,0.18382,0.21776,308.72,556.37,312.7,554.93,78.687,432.05,0.026385,93.695,1
2.8509,0.73998,1.7427,2.9858,3.8349,2.6029,0.64965,1.7774,3.0476,3.9246,0.64483,0.13941,0.61568,0.62125,0.67577,0.20293,0.047468,0.19266,0.2377,0.23285,192.25,634.34,219.02,620.91,225.07,33.91,0.0085681,227.06,0
3.6906,1.3261,3.3023,3.1088,3.4911,2.7568,1.0311,1.596,3.4004,4.4814,0.83346,0.099058,0.81689,0.86724,0.87719,0.26739,0.037589,0.26261,0.27589,0.30577,345.93,601.75,276.3,629.36,307.41,1.162,0.016593,331.38,0
5.6362,1.197,5.2131,4.8322,5.1029,4.6173,0.52364,4.4987,5.3514,5.7138,0.80696,0.13749,0.80264,0.92173,0.88261,0.29102,0.050127,0.24722,0.29284,0.31529,419.34,594.64,313.26,672.8,310.29,0.024566,0.017399,328.45,0
4.1048,0.90074,3.8525,4.2934,4.5816,3.8189,0.62464,3.4044,3.8607,4.7633,0.56274,0.16325,0.54942,0.71264,0.76543,0.20606,0.052991,0.1748,0.19183,0.22815,369.3,581.13,339.93,620.22,272.9,33.225,0.0424,257.61,0
4.1539,0.73215,2.8306,3.7348,4.4746,3.5491,0.36117,3.2027,3.6166,4.2266,0.47692,0.10274,0.49353,0.57428,0.58054,0.18468,0.04136,0.13841,0.12938,0.19531,192.42,596.31,213.07,598.92,164.44,91.405,0.027082,162.12,0
0.59875,0.14829,0.27377,0.52403,0.97338,0.50971,0.13517,0.43869,0.47032,0.49095,0.53505,0.10526,0.49499,0.58695,0.62333,0.16021,0.039883,0.14573,0.17199,0.20153,350.19,530.22,262.57,563.83,53.845,297.9,0.042263,68.743,1
0.84899,0.36421,0.54481,1.2861,1.1206,0.90529,0.31341,1.3467,0.75241,0.87358,0.50085,0.082726,0.52064,0.57111,0.5144,0.19328,0.043779,0.18099,0.19992,0.20056,228.37,529.23,240.97,559.37,76.107,446.9,0.022062,92.849,1
1.1523,0.48303,0.54117,1.3047,1.1683,0.89582,0.39451,1.0725,0.58256,1.4484,0.56329,0.12886,0.53224,0.64915,0.63432,0.18494,0.055697,0.19318,0.19152,0.23039,344.62,504.55,346.19,534.37,118.05,416.5,0.022646,138.88,1
4.3947,0.88777,4.0666,4.2479,4.44,4.186,0.49385,3.2025,4.2403,4.8954,0.70787,0.12197,0.61356,0.73868,0.80443,0.19591,0.040825,0.1928,0.17017,0.2737,346.23,562.66,289.92,651.62,267.34,9.2975,0.013026,225.39,0
4.4281,0.64395,3.6176,4.3194,4.76,4.2823,0.41871,4.0164,4.1488,4.6616,0.53961,0.13695,0.52889,0.71206,0.72466,0.17726,0.041772,0.14663,0.15168,0.20282,360.93,526.33,339.18,613.42,219.17,282.78,0.01724,217.9,0
2.5194,0.3926,1.628,2.1112,2.6073,2.109,0.35374,2.7852,3.1794,2.764,0.45822,0.16552,0.45615,0.52033,0.59124,0.15236,0.065563,0.13153,0.15382,0.17281,284.38,532.53,264.93,558.36,111.96,330.99,0.039655,143.46,1
0.041465,0.040576,0.0098302,0.022542,0.056212,0.041177,0.064231,0.017379,0.021996,0.03208,0.76098,0.035405,0.70389,0.73945,0.74232,0.24642,0.028543,0.24203,0.26998,0.26917,371.54,571.21,280.59,545.57,17.875,545.58,0.018418,40.684,1
4.9728,1.4188,5.3467,4.4687,4.7834,5.0375,0.39524,3.4807,4.8738,5.5195,0.85198,0.063959,0.93723,0.95525,0.97323,0.32598,0.023193,0.3113,0.2938,0.32272,421.04,583.11,301.98,706.3,299.48,0.0058872,0.023341,282.98,0
3.0938,0.90216,3.5788,3.1321,4.0778,3.1434,0.31418,3.2336,3.4051,3.7155,0.53939,0.097549,0.57452,0.57611,0.59892,0.18695,0.034009,0.15919,0.18039,0.18363,187.77,572.23,161.34,575.53,161.89,39.36,0.019903,174.54,0
0.7962,0.20242,0.20233,0.46858,0.74639,0.7083,0.24827,0.34579,0.48042,0.56712,0.56005,0.12175,0.53602,0.63585,0.65613,0.18548,0.051362,0.17552,0.2207,0.21403,382.77,506.23,337.99,495.63,69.218,400.52,0.060071,70.342,1
4.5783,1.1669,3.3929,3.4823,4.5421,4.3436,0.71791,2.7657,4.3591,4.6165,0.68053,0.17589,0.63219,0.71296,0.79781,0.22048,0.066116,0.17532,0.23189,0.24322,360.84,557.66,298.93,617.68,241.24,12.026,0.01991,242.21,0
2.9734,0.55411,1.9634,2.8389,3.7027,2.3828,0.65876,2.9057,2.7896,3.0698,0.48539,0.19272,0.4179,0.55591,0.56621,0.15271,0.065293,0.11695,0.19316,0.21755,298.07,581.61,344.61,573.51,194.73,243.07,0.011621,189.64,1
1.4784,0.38859,1.0157,1.5861,2.3463,1.4826,0.40429,1.754,1.5679,1.9484,0.44253,0.1172,0.47281,0.54675,0.49741,0.13923,0.046441,0.11614,0.18008,0.17482,289.19,568.46,246.98,549.66,125.79,331.62,0.04064,142.04,1
5.0625,0.82037,5.2932,4.6124,5.1362,4.7029,0.19004,4.4941,5.0492,5.2299,0.59927,0.11214,0.53692,0.66641,0.71098,0.22333,0.045799,0.15908,0.16023,0.21569,304.9,555.6,157.28,621.86,218.07,1.9186,0.012624,197.55,0
0.75093,0.2411,0.3164,0.75387,0.71297,0.59092,0.23901,0.39167,0.57854,0.64616,0.65731,0.072215,0.65677,0.59889,0.66447,0.19473,0.038646,0.19496,0.23501,0.23954,328.15,553.16,297.2,602.71,75.623,375.08,0.016734,91.366,1
1.6614,0.3724,1.4834,1.9718,1.8492,1.4128,0.28524,1.6587,1.1245,0.99322,0.56735,0.085591,0.55712,0.54299,0.53997,0.17796,0.036798,0.18561,0.14498,0.18465,212.05,524.18,196.93,514.55,73.546,257.78,0.039944,82.698,0
4.6119,1.1953,4.0589,3.6654,4.2318,4.8336,0.60967,3.2525,4.5261,5.3382,0.82014,0.092373,0.79819,0.81512,0.87766,0.28207,0.042309,0.20829,0.2597,0.29845,394.99,551.95,278.29,692.7,306.26,0.42085,0.016262,266.55,0
2.4744,1.0966,1.9376,2.2124,2.8838,1.8632,1.0272,1.5118,2.1633,3.4067,0.57811,0.11073,0.67628,0.62756,0.65413,0.18847,0.052198,0.15825,0.24018,0.22795,233.46,604.45,273.55,602.31,278.09,64.937,0.016169,308.38,0
0.41542,0.1463,0.11567,0.28868,0.59905,0.39871,0.24072,0.27988,0.23723,0.28272,0.65771,0.058994,0.57095,0.61806,0.59814,0.20101,0.034204,0.18555,0.23922,0.24669,333.29,541.51,347.93,510.21,66.611,724.68,0.016406,72.136,1
4.935,0.96372,4.9225,3.7667,5.0466,4.9434,0.40501,4.4071,5.2639,5.4157,0.70967,0.17885,0.5923,0.88239,0.79225,0.22767,0.063767,0.15438,0.23755,0.26909,352.76,592.23,284.38,688.85,245.65,0.93351,0.020487,203.81,0
0.20745,0.12679,0.08469,0.13372,0.246,0.25696,0.15679,0.12333,0.11829,0.15506,0.6546,0.16404,0.64503,0.77187,0.7783,0.22074,0.066427,0.21789,0.23308,0.2418,439.2,546.95,418.46,563.85,43.705,302.94,0.087693,50.063,1
2.5975,1.0636,2.6931,2.387,3.1173,2.3951,0.791,1.9709,2.3818,3.1518,0.49498,0.081132,0.57425,0.58131,0.60224,0.19236,0.053241,0.17188,0.19923,0.19908,207.55,507.7,287.66,537.67,216.2,193.02,0.024201,193.38,0
