0.012531,0.047787,0.0072026,0.01252,0.01555,0.011004,0.036922,0.0064443,0.011664,0.014646,0.88394,0.15819,0.91342,0.85965,0.73438,0.71592,0.26015,0.7,0.7,0.72727,0.11664,0.394,0.086623,0.22899,0.27689,0.12889,0.47436,0.069407,1,0
0.2192,0.096061,0.20985,0.20477,0.22097,0.20279,0.078491,0.18273,0.192,0.21686,0.74771,0.43104,0.82684,0.77193,0.65625,0.68252,0.34725,0.7,0.7,0.65909,0.16595,0.43924,0.087606,0.1426,0.48468,0.014238,0.47153,0.11896,1,0
0.038279,0.10462,0.018416,0.029134,0.045364,0.032302,0.076197,0.014798,0.023899,0.04283,0.78196,0.32734,0.70563,0.84211,0.71875,0.60322,0.23136,0.59998,0.60001,0.54547,0.13271,0.42461,0.10234,0.41966,0.035756,0.062945,0.46836,0.06704,0,0
0.12544,0.092672,0.11271,0.11862,0.12824,0.11432,0.075309,0.097539,0.10922,0.12599,0.72082,0.38166,0.74026,0.68421,0.66406,0.74486,0.46145,0.74998,0.79999,0.72727,0.84454,0.38868,0.86152,0.18431,0.36265,0.018734,0.46555,0.088595,1,0
0.11158,0.34324,0.037876,0.054276,0.098373,0.10183,0.26451,0.031714,0.04931,0.095169,0.77192,0.26558,0.84416,0.78947,0.67188,0.70985,0.38377,0.7,0.75001,0.72727,0.82418,0.43991,0.86741,0.57576,0.2541,0.058449,0.46864,0.22519,1,0
0.30586,0.14128,0.28779,0.3182,0.32804,0.25742,0.10465,0.22245,0.27553,0.29564,0.34715,0.65045,0.26407,0.29825,0.46484,0.30268,0.46665,0.25001,0.19999,0.45454,0.83597,0.4093,0.84384,0.54716,0.22001,0.0029974,0.46906,0.053518,1,0
0.29606,0.1522,0.29304,0.30054,0.31529,0.26694,0.13379,0.23347,0.25276,0.32427,0.46286,0.44404,0.51515,0.45614,0.51562,0.44198,0.40132,0.32501,0.4,0.54547,0.86599,0.35011,0.84974,0.56564,0.30967,0.0056201,0.47071,0.076172,1,0
0.24073,0.17693,0.22039,0.24785,0.24479,0.21568,0.15289,0.17747,0.21765,0.22915,0.40501,0.38608,0.45455,0.49123,0.40625,0.45309,0.35926,0.44999,0.45001,0.5,0.84133,0.32883,0.84482,0.53465,0.3009,0.0071188,0.46983,0.07365,1,0
0.028885,0.098951,0.013933,0.014101,0.021704,0.021088,0.062955,0.011896,0.013641,0.019786,0.85147,0.35396,0.77489,0.92982,0.79688,0.74358,0.2657,0.79999,0.7,0.72727,0.15737,0.41264,0.1151,0.33862,0.13796,0.040839,0.47002,0.033415,1,0
0.021701,0.050429,0.018416,0.017265,0.025985,0.01981,0.040376,0.015839,0.017304,0.027279,0.80422,0.1889,0.68831,0.82456,0.70313,0.62168,0.24463,0.59998,0.60001,0.63637,0.11235,0.36474,0.073856,0.52989,0.22683,0.056201,0.46381,0.055506,1,0
0.2386,0.36113,0.13008,0.17755,0.30478,0.20445,0.30054,0.096867,0.15784,0.27254,0.59304,0.40135,0.61905,0.66667,0.5625,0.54387,0.42176,0.44999,0.55,0.63637,0.089837,0.40333,0.019839,0.16166,0.40595,0.010116,0.47099,0.1043,1,0
0.035005,0.12203,0.008179,0.017265,0.047585,0.028555,0.093218,0.0053088,0.016121,0.039235,0.81001,6.7144e-16,0.82684,0.77193,0.65625,0.68651,0.21988,0.7,0.60001,0.63637,0.093053,0.28225,0.077784,0.43396,0.18763,0.043837,0.45713,0.045607,1,0
0.042842,0.13047,0.018416,0.031508,0.045483,0.029252,0.060904,0.014201,0.025833,0.044543,0.72129,0.43075,0.80953,0.75439,0.64062,0.58278,0.33126,0.59998,0.60001,0.54547,0.13164,0.39933,0.11609,0.53406,0.17987,0.029599,0.45318,0.043753,1,0
0.26591,0.1209,0.24922,0.26731,0.27289,0.25258,0.091013,0.2339,0.25473,0.27379,0.78002,0.61227,0.76624,0.91228,0.78125,0.65769,0.44084,0.7,0.7,0.63637,0.10699,0.44657,0.044391,0.15749,0.46847,0.011615,0.47215,0.11537,1,0
0.023448,0.07726,0.011164,0.013576,0.022104,0.018295,0.052888,0.010011,0.013004,0.021087,0.78144,0.36304,0.86147,0.80702,0.6875,0.54244,0.33946,0.59998,0.49999,0.54547,0.10163,0.38536,0.063052,0.36782,0.066018,0.047958,0.46857,0.04142,1,0
0.21978,0.13995,0.19202,0.214,0.2513,0.17664,0.070562,0.15735,0.17316,0.2053,0.47058,0.62171,0.41992,0.49123,0.57813,0.34416,0.44113,0.32501,0.30001,0.45454,0.91208,0.44457,0.88509,0.55908,0.17156,0.003372,0.46954,0.041123,1,0
0.037455,0.069926,0.025007,0.041655,0.051366,0.033422,0.054877,0.015035,0.038514,0.049726,0.49119,0.23118,0.5671,0.50877,0.42188,0.61521,0.39966,0.59998,0.60001,0.63637,0.92602,0.34678,0.86545,0.54241,0.26725,0.058074,0.47761,0.065256,1,0
0.074198,0.12562,0.04313,0.054276,0.11894,0.064594,0.094625,0.036834,0.047632,0.10918,0.72708,0.21513,0.77489,0.7193,0.60938,0.6139,0.30918,0.59998,0.60001,0.63637,0.92602,0.30155,0.87723,0.52214,0.30082,0.032596,0.47384,0.073174,1,0
0.20713,0.076584,0.19877,0.20456,0.226,0.18999,0.068883,0.17099,0.18002,0.22537,0.63093,0.3541,0.58875,0.70175,0.59375,0.63466,0.3044,0.55,0.7,0.63637,0.91745,0.4266,0.8959,0.23555,0.32096,0.0089921,0.4645,0.077791,1,0
0.10559,0.10974,0.081682,0.12555,0.12424,0.095585,0.091857,0.061526,0.10443,0.12532,0.68626,0.18159,0.74026,0.68421,0.57813,0.77296,0.2804,0.79999,0.79999,0.72727,0.91531,0.3541,0.88607,0.20219,0.27001,0.015736,0.46453,0.065703,1,0
0.20587,0.080877,0.2081,0.20268,0.21053,0.18745,0.0711,0.16911,0.18425,0.21322,0.64929,0.52364,0.60173,0.71053,0.6875,0.58278,0.44635,0.59998,0.55,0.63637,0.89172,0.40798,0.86054,0.28202,0.22077,0.0056201,0.46487,0.053105,1,0
0.029992,0.039946,0.024904,0.036979,0.038388,0.02715,0.032243,0.020324,0.036238,0.037327,0.67922,0.19642,0.58442,0.7193,0.60938,0.72868,0.14832,0.79999,0.7,0.63637,0.93031,0.47649,0.87429,0.33088,0.23284,0.048333,0.46122,0.056629,1,0
0.070975,0.14278,0.047842,0.048093,0.092204,0.051509,0.067841,0.038363,0.044449,0.078072,0.75215,0.41535,0.82684,0.77193,0.65625,0.74579,0.45828,0.79999,0.79999,0.72727,0.9346,0.38336,0.87429,0.27666,0.18675,0.018359,0.46115,0.045383,1,0
0.072879,0.25965,0.015549,0.030335,0.078492,0.065635,0.1969,0.013472,0.027629,0.066726,0.80336,0.30644,0.87879,0.82456,0.70313,0.76344,0.30524,0.79999,0.79999,0.72727,0.91531,0.40997,0.86937,0.48818,0.10248,0.098164,0.46958,0.21731,1,0
0.26469,0.17569,0.24074,0.24236,0.29662,0.24402,0.15347,0.19817,0.2048,0.31001,0.58409,0.51171,0.51515,0.73684,0.625,0.44198,0.51881,0.35,0.49999,0.52272,0.896,0.31818,0.86545,0.51976,0.27882,0.0056201,0.47121,0.068483,1,0
0.22382,0.09249,0.22003,0.23557,0.24094,0.19849,0.072455,0.17382,0.21274,0.22629,0.57,0.44445,0.49784,0.70175,0.59375,0.47326,0.3897,0.44999,0.49999,0.54547,0.90137,0.30554,0.87625,0.53704,0.3245,0.0086175,0.47128,0.08024,1,0
0.41818,0.1417,0.41059,0.42806,0.43005,0.41519,0.071351,0.39356,0.41135,0.44386,0.49758,0.43024,0.52381,0.57895,0.48438,0.48941,0.36018,0.44999,0.49999,0.54547,0.90994,0.39467,0.92241,0.15988,0.4069,0.0048707,0.46528,0.10019,1,0
0.081431,0.12586,0.037348,0.10514,0.11607,0.071795,0.097368,0.025637,0.09266,0.11149,0.66993,0.32326,0.68831,0.63158,0.53125,0.72746,0.32002,0.72499,0.7,0.72727,0.90137,0.40399,0.87135,0.22662,0.30004,0.03447,0.464,0.073669,1,0
0.065858,0.13666,0.022619,0.052659,0.12565,0.057105,0.103,0.018529,0.045842,0.10943,0.69429,0.27978,0.65368,0.59649,0.67188,0.7467,0.33415,0.7,0.79999,0.72727,0.91315,0.37605,0.90277,0.18669,0.33107,0.03447,0.465,0.082637,1,0
0.15906,0.15373,0.13778,0.14077,0.17803,0.14076,0.13369,0.10982,0.1244,0.16471,0.56205,0.31284,0.58442,0.52632,0.5664,0.54574,0.28955,0.52499,0.49999,0.54547,0.88314,0.40531,0.84776,0.31241,0.16955,0.0056201,0.46524,0.04069,1,0
0.43003,0.48929,0.31422,0.37125,0.55206,0.27413,0.11219,0.23928,0.27743,0.31575,0.27965,0.56402,0.13421,0.34211,0.42188,0.29748,0.32287,0.25001,0.30001,0.36364,0.9346,0.44123,0.91062,0.58589,0.21753,0.0014987,0.46984,0.052298,1,0
0.34266,0.23045,0.29316,0.36658,0.38728,0.26625,0.16587,0.21209,0.26959,0.3274,0.40501,0.2991,0.342,0.40351,0.4375,0.29748,0.32287,0.25001,0.30001,0.36364,0.91852,0.37672,0.86937,0.51142,0.18022,0.0014987,0.47153,0.04329,1,0
0.036884,0.067466,0.021321,0.041001,0.04472,0.031871,0.050786,0.018266,0.037379,0.044175,0.43444,0.10805,0.49784,0.4386,0.35938,0.47086,0.18477,0.5,0.49999,0.45454,0.91424,0.34014,0.88215,0.56028,0.31064,0.050581,0.47162,0.076294,1,0
0.028392,0.042135,0.023459,0.032018,0.041172,0.025451,0.032691,0.020108,0.030626,0.039508,0.60039,0.26447,0.671,0.61404,0.51562,0.51051,0.24799,0.5,0.49999,0.45454,0.95819,0.25831,0.89294,0.56385,0.42428,0.089921,0.4857,0.10533,1,0
0.3287,0.20905,0.27807,0.31114,0.39186,0.30606,0.17034,0.23824,0.28377,0.3908,0.47144,0.39469,0.58442,0.52632,0.4375,0.54244,0.46221,0.57499,0.60001,0.56819,0.9571,0.4612,0.96366,0.14319,0.52024,0.010116,0.46447,0.12828,1,0
0.37563,0.087752,0.37364,0.37537,0.38293,0.358,0.075937,0.33339,0.36971,0.38635,0.33172,0.54409,0.21645,0.50877,0.42188,0.36492,0.58157,0.29999,0.4,0.47729,0.95496,0.39467,0.93616,0.1712,0.37747,0.0048707,0.46432,0.091351,1,0
0.092987,0.15523,0.044132,0.108,0.13298,0.081889,0.11839,0.033127,0.087985,0.12286,0.6649,0.16156,0.68831,0.63158,0.53125,0.68405,0.23202,0.67498,0.7,0.63637,0.91745,0.45521,0.87035,0.21708,0.3815,0.032596,0.4602,0.094194,1,0
0.1613,0.090134,0.16385,0.15809,0.17661,0.13901,0.056862,0.14349,0.14315,0.14392,0.53277,0.41343,0.5671,0.61404,0.51562,0.54387,0.42176,0.55,0.55,0.5909,0.9003,0.41064,0.86839,0.27309,0.23779,0.0086175,0.46464,0.057693,1,0
0.44686,0.28985,0.38836,0.49833,0.49941,0.38864,0.24832,0.29571,0.40439,0.48771,0.37929,0.7897,0.15152,0.4386,0.64062,0.30613,0.55158,0.2,0.30001,0.45454,0.896,0.3368,0.94304,0.59542,0.40883,0.0044961,0.46934,0.10317,1,0
0.68468,0.44999,0.60909,0.59527,0.77581,0.51384,0.011572,0.51344,0.51605,0.5186,0.45322,0.58391,0.342,0.49123,0.51562,0.37529,0.37282,0.35,0.4,0.4091,0.90351,0.35675,0.90964,0.59066,0.35062,0.0014987,0.46994,0.085932,1,0
0.49008,0.77068,0.2741,0.46769,0.69176,0.2722,0.34587,0.153,0.27551,0.39877,0.12054,0.63545,-0.021638,0.14912,0.30469,0.16783,0.44808,0.1,0.15001,0.27274,0.94104,0.45454,0.94304,0.59542,0.2328,0.0014987,0.46909,0.058928,1,0
0.49487,0.35555,0.38819,0.51583,0.56382,0.44398,0.32465,0.31085,0.42019,0.58302,0.45643,0.55807,0.48052,0.42105,0.60938,0.42717,0.45151,0.29999,0.34999,0.54547,0.93781,0.25631,0.89688,0.57041,0.44037,0.0044961,0.47439,0.10946,1,0
0.47878,0.19741,0.42664,0.49324,0.52239,0.42004,0.15548,0.3489,0.42581,0.48461,0.51521,0.32166,0.61905,0.5614,0.46875,0.48645,0.40949,0.5,0.49999,0.52272,0.96354,0.40997,0.96464,0.114,0.49302,0.0056201,0.46445,0.12372,1,0
0.58934,0.19334,0.58469,0.62439,0.59709,0.52426,0.17989,0.4589,0.56452,0.5848,0.36643,0.49646,0.4026,0.47368,0.39063,0.36492,0.4196,0.40001,0.4,0.38636,0.94961,0.40865,0.92143,0.15332,0.42066,0.0029974,0.46312,0.10421,1,0
0.10367,0.25537,0.034042,0.078011,0.13806,0.087516,0.18506,0.02726,0.07211,0.12583,0.60095,0.26483,0.53247,0.66667,0.5625,0.48527,0.29851,0.47501,0.49999,0.54547,0.95389,0.20243,0.90178,0.57041,0.51394,0.040839,0.47855,0.12918,1,0
0.27824,0.12892,0.2467,0.29733,0.29785,0.26993,0.086025,0.25866,0.27464,0.30084,0.51521,0.46938,0.48918,0.64912,0.54688,0.42717,0.41217,0.5,0.4,0.45454,0.93674,0.41929,0.89982,0.23078,0.31335,0.0059948,0.46342,0.075978,1,0
0.10593,0.14274,0.079921,0.093658,0.14714,0.090425,0.10691,0.063204,0.081398,0.11682,0.43616,0.55413,0.32468,0.47368,0.59375,0.3793,0.40855,0.29999,0.4,0.45454,0.94854,0.39933,0.90572,0.56981,0.24149,0.014238,0.47147,0.05922,1,0
0.044975,0.11222,0.030598,0.037584,0.04798,0.03973,0.089974,0.020613,0.034435,0.043771,0.68069,0.24024,0.74026,0.68421,0.57813,0.68346,0.30549,0.7,0.7,0.63637,0.95926,0.35543,0.94598,0.16643,0.33419,0.077932,0.46501,0.082471,1,0
0.0092939,0.015929,0.015549,0.01252,0.012163,0.0084076,0.012733,0.012261,0.012955,0.011753,0.72736,0.26544,0.65368,0.78947,0.67188,0.68529,0.26202,0.7,0.7,0.63637,0.95819,0.45521,0.93911,0.26296,0.32078,0.14987,0.46485,0.080518,1,0
0.034801,0.07176,0.023402,0.034366,0.049955,0.030462,0.056899,0.01808,0.027177,0.047057,0.7653,0.63891,0.74026,0.92982,0.79688,0.53563,0.41736,0.59998,0.55,0.54547,0.061963,0.22904,0.011,0.16882,0.15633,0.029974,0.46931,0.041713,1,0
0.32201,0.15946,0.29204,0.32089,0.33701,0.30942,0.12093,0.27761,0.29939,0.34764,0.55929,0.54383,0.70563,0.64912,0.54688,0.5309,0.57757,0.5,0.60001,0.63637,0.91208,0.44989,0.89,0.27428,0.29358,0.0044961,0.46473,0.071322,1,0
0.13281,0.17993,0.10103,0.13616,0.17013,0.10531,0.11541,0.075513,0.1109,0.15196,0.46093,0.56937,0.42858,0.5614,0.5625,0.38568,0.43288,0.29999,0.4,0.45454,0.90565,0.31552,0.85759,0.50546,0.25539,0.011615,0.47312,0.06269,1,0
0.060746,0.22046,0.021014,0.032323,0.045493,0.05651,0.16967,0.017543,0.030008,0.045411,0.78108,0.31041,0.86147,0.80702,0.6875,0.79985,0.34611,0.79999,0.79999,0.72727,0.92173,0.47516,0.85955,0.50248,0.029762,0.078306,0.46902,0.17026,1,0
0.13987,0.12494,0.10901,0.13344,0.17655,0.11987,0.094446,0.090627,0.11978,0.15115,0.48215,0.45434,0.54545,0.57895,0.48438,0.50787,0.36935,0.5,0.49999,0.54547,0.87243,0.39335,0.83402,0.57041,0.24996,0.010116,0.47185,0.06147,1,0
0.028415,0.073818,0.018416,0.022013,0.035391,0.025548,0.059902,0.014161,0.020798,0.037179,0.68104,0.30653,0.75758,0.70175,0.59375,0.6476,0.32287,0.64999,0.7,0.63637,0.93674,0.41729,0.87919,0.36008,0.10607,0.022855,0.46456,0.025561,1,0
0.042531,0.066804,0.03881,0.041655,0.048543,0.037351,0.050847,0.030108,0.039732,0.045823,0.81725,0.416,0.79221,0.75439,0.82812,0.6087,0.27895,0.59998,0.60001,0.63637,0.072684,0.33215,0.0021607,0.11876,0.37528,0.056575,0.47063,0.094617,1,0
0.11803,0.18632,0.06279,0.10457,0.17565,0.10312,0.13999,0.053168,0.096447,0.16397,0.61212,0.62041,0.39394,0.75439,0.64062,0.45872,0.54079,0.29999,0.49999,0.54547,0.11021,0.25032,0.078766,0.59364,0.48315,0.029599,0.45708,0.12234,1,0
0.063637,0.11702,0.041957,0.046343,0.091812,0.052586,0.078884,0.034651,0.042819,0.062745,0.58629,0.49389,0.51515,0.73684,0.625,0.40641,0.38631,0.35,0.45001,0.45454,0.11449,0.40133,0.081713,0.58768,0.26369,0.026976,0.46209,0.064406,1,0
0.013247,0.045219,0.0090071,0.01252,0.02497,0.0095918,0.028532,0.0065304,0.010538,0.020087,0.71096,0.16833,0.74026,0.68421,0.57813,0.72423,0.19132,0.79999,0.7,0.63637,0.093053,0.36341,0.073856,0.36008,0.032956,0.055077,0.46903,0.023214,1,0
0.16985,0.22057,0.13047,0.12503,0.24118,0.16042,0.17704,0.099215,0.12329,0.24336,0.54527,0.40165,0.4935,0.63158,0.53125,0.49318,0.42259,0.44999,0.49999,0.54547,0.95175,0.41264,0.92733,0.23019,0.31014,0.011615,0.46461,0.075983,1,0
0.16333,0.28064,0.069357,0.14677,0.27328,0.13792,0.2039,0.046486,0.12796,0.22745,0.52962,0.44318,0.55412,0.59649,0.5,0.52293,0.43462,0.5,0.60001,0.54547,0.94318,0.41264,0.87135,0.55015,0.18624,0.065942,0.48873,0.15959,1,0
0.076869,0.14587,0.041957,0.055241,0.10757,0.065773,0.11012,0.036036,0.051902,0.095817,0.57279,0.22655,0.65368,0.59649,0.5,0.50497,0.26013,0.5,0.49999,0.54547,0.90994,0.35477,0.86839,0.56385,0.29304,0.026602,0.47257,0.071575,1,0
0.24497,0.11304,0.23114,0.24257,0.2651,0.25355,0.067643,0.23494,0.25694,0.27901,0.32786,0.65709,0.15152,0.41228,0.48438,0.34936,0.71116,0.2,0.34999,0.5,0.94104,0.36341,0.89392,0.52035,0.21343,0.0044961,0.47161,0.052094,1,0
0.054859,0.1815,0.0081299,0.020958,0.10127,0.049436,0.13819,0.0074275,0.016121,0.097972,0.83195,0.32663,0.91342,0.85965,0.73438,0.8564,0.48404,0.79999,0.90001,0.9091,0.95389,0.25032,0.94892,0.57994,0.47408,0.24653,0.47113,0.25169,1,0
0.044354,0.086955,0.0223,0.041655,0.054855,0.037742,0.062441,0.018663,0.036326,0.052885,0.48408,0.19804,0.5671,0.50877,0.42188,0.44792,0.28489,0.5,0.4,0.45454,0.95819,0.37472,0.93125,0.57219,0.28509,0.043462,0.47063,0.071259,1,0
0.11956,0.11923,0.10737,0.1217,0.15353,0.11455,0.091199,0.10011,0.11637,0.15058,0.55085,0.31106,0.65368,0.59649,0.5,0.5763,0.35991,0.55,0.60001,0.5909,0.97319,0.46053,0.92633,0.24866,0.34089,0.018734,0.46203,0.083453,1,0
0.29256,0.19841,0.25436,0.28259,0.33269,0.27615,0.19369,0.20706,0.28432,0.35098,0.49758,0.62491,0.342,0.68421,0.57813,0.46865,0.36018,0.44999,0.4,0.54547,0.96784,0.39269,0.90964,0.27189,0.20814,0.0029974,0.46218,0.050106,1,0
0.077558,0.24879,0.00026672,0.010423,0.16852,0.067481,0.19139,0.00037326,0.0076632,0.16751,0.64367,0.42145,0.75758,0.70175,0.59375,0.61303,0.462,0.64999,0.60001,0.63637,0.96784,0.40997,0.94107,0.58292,0.25436,0.31435,0.47024,0.10248,1,0
0.31511,0.11722,0.29918,0.31995,0.33532,0.26829,0.088332,0.24228,0.26065,0.30381,0.59015,0.47142,0.52381,0.54386,0.65625,0.48941,0.36018,0.44999,0.49999,0.54547,0.96247,0.33814,0.91161,0.49592,0.21005,0.0026227,0.47183,0.050612,1,0
0.21143,0.37937,0.061063,0.22335,0.32671,0.20876,0.2891,0.050439,0.22205,0.33702,0.66799,0.29008,0.74026,0.68421,0.57813,0.64409,0.36598,0.7,0.7,0.63637,0.98392,0.41596,0.97839,0.19563,0.37621,0.01124,0.46509,0.093402,1,0
0.10552,0.09779,0.10387,0.10418,0.11708,0.098832,0.081875,0.087865,0.098547,0.11735,0.71017,0.38637,0.80953,0.75439,0.64062,0.62246,0.43639,0.59998,0.60001,0.65909,0.94639,0.41397,0.93616,0.20338,0.35827,0.022855,0.4649,0.088469,1,0
0.0057766,0.017441,0.0081299,0.0098218,0.011078,0.0051816,0.014349,0.0067368,0.010074,0.011336,0.86619,0.41893,0.79221,0.92982,0.79688,0.7429,0.32759,0.79999,0.7,0.72727,0.94961,0.35609,0.88607,0.32432,0.075248,0.048333,0.46459,0.018147,1,0
0.30648,0.082599,0.30564,0.30876,0.31342,0.26901,0.0321,0.26311,0.27233,0.28152,0.42429,0.67014,0.2381,0.4386,0.5625,0.34936,0.56609,0.25001,0.25,0.45454,0.95496,0.28093,0.93027,0.52989,0.34899,0.0056201,0.47118,0.085018,1,0
0.28233,0.1048,0.2779,0.29301,0.28921,0.25463,0.10088,0.22242,0.26014,0.29378,0.44358,0.62316,0.25542,0.53509,0.57813,0.39259,0.48451,0.29999,0.45001,0.45454,0.96354,0.33148,0.91947,0.51976,0.2579,0.0044961,0.47173,0.062884,1,0
0.40125,0.029574,0.4239,0.40993,0.38493,0.3755,4.0846e-05,0.38036,0.37834,0.37624,0.44358,0.44404,0.39394,0.54386,0.45312,0.37529,0.37282,0.29999,0.34999,0.45454,0.97426,0.33148,0.93321,0.20576,0.23119,0.0018734,0.46448,0.056172,1,0
0.10636,0.32011,0.015549,0.050582,0.15613,0.093745,0.23876,0.013767,0.043562,0.14792,0.76527,0.37264,0.74026,0.68421,0.75,0.71763,0.40328,0.7,0.7,0.72727,0.96891,0.45853,0.94205,0.52989,0.12009,0.1139,0.4687,0.26428,1,0
0.1171,0.0814,0.10907,0.10394,0.1387,0.10048,0.051874,0.089101,0.094104,0.12557,0.71634,0.39638,0.80953,0.75439,0.64062,0.67169,0.40143,0.59998,0.7,0.72727,0.94854,0.35143,0.93027,0.19682,0.28079,0.015736,0.46523,0.070408,1,0
0.020006,0.058278,0.015811,0.014101,0.022571,0.013859,0.025558,0.013575,0.013903,0.019979,0.77144,0,0.79221,0.73684,0.625,0.7532,0.17065,0.79999,0.7,0.72727,0.9614,0.33947,0.91553,0.28679,0.11864,0.032971,0.4658,0.028905,1,0
0.023888,0.042387,0.018836,0.018848,0.035474,0.021243,0.033671,0.015839,0.018461,0.033961,0.67501,6.6937e-16,0.70563,0.64912,0.54688,0.67169,0.19618,0.64999,0.7,0.63637,0.080187,0.38138,0.079749,0.50248,0.15544,0.036718,0.48982,0.037804,1,0
0.018464,0.042058,0.015549,0.014819,0.033575,0.016891,0.032836,0.012237,0.014715,0.031992,0.47734,0.20332,0.54979,0.49123,0.40625,0.50282,0.25792,0.5,0.49999,0.54547,0.93674,0.37804,0.92339,0.54895,0.25245,0.081679,0.46973,0.062189,1,0
0.016689,0.04829,0.013412,0.014101,0.017538,0.014844,0.037611,0.011014,0.013503,0.017357,0.54727,0.25682,0.46321,0.61404,0.51562,0.48838,0.26763,0.5,0.49999,0.45454,0.94425,0.32749,0.9342,0.54835,0.32011,0.11128,0.47017,0.07886,1,0
0.012339,0.036206,0.013558,0.01252,0.015064,0.011319,0.028662,0.011689,0.012876,0.014872,0.59987,0.20765,0.671,0.61404,0.51562,0.54546,0.28601,0.5,0.49999,0.54547,0.94425,0.38138,0.99804,0.16822,0.40714,0.31997,0.46623,0.18786,1,0
0.0264,0.061682,0.014747,0.023923,0.039865,0.023739,0.049103,0.013055,0.021262,0.03965,0.48557,0.36429,0.48052,0.42105,0.51562,0.41565,0.32522,0.40001,0.4,0.45454,1.0214,0.49379,0.99902,0.36068,0.22894,0.10416,0.4658,0.074418,1,0
0.3223,0.18774,0.27386,0.32449,0.34965,0.31329,0.14497,0.26842,0.3136,0.36464,0.45643,0.48341,0.60173,0.54386,0.45312,0.47905,0.54027,0.5,0.49999,0.54547,0.98499,0.35609,0.98527,0.1712,0.33638,0.0059948,0.46558,0.083686,1,0
0.033249,0.12497,0.016265,0.015256,0.035765,0.030128,0.096573,0.013211,0.014726,0.031306,0.86143,0.34682,0.91342,0.85965,0.73438,0.79674,0.326,0.85,0.79999,0.72727,0.94318,0.41264,0.97839,0.15392,0.45358,0.09142,0.46567,0.11702,1,0
0.2598,0.12921,0.22533,0.26781,0.27632,0.2492,0.10124,0.22902,0.24954,0.28444,0.71082,0.37213,0.65368,0.80702,0.6875,0.66429,0.34516,0.59998,0.7,0.70455,0.87027,0.42528,0.85661,0.25462,0.29223,0.0059948,0.46502,0.070957,1,0
0.12208,0.16531,0.095547,0.11112,0.16753,0.1067,0.12801,0.071838,0.10032,0.16192,0.61587,0.34724,0.72295,0.66667,0.5625,0.55856,0.34001,0.59998,0.60001,0.54547,0.88958,0.32683,0.84384,0.55669,0.31929,0.017235,0.47421,0.080464,1,0
0.058571,0.11789,0.020859,0.046845,0.10375,0.051299,0.092337,0.017853,0.044238,0.10117,0.61464,0.27426,0.68831,0.63158,0.53125,0.54443,0.26997,0.59998,0.49999,0.54547,0.896,0.34079,0.84876,0.53406,0.2646,0.031098,0.47332,0.065392,1,0
0.04808,0.12281,0.020096,0.026825,0.094557,0.041448,0.092668,0.016259,0.023473,0.054502,0.66287,0.31316,0.74026,0.68421,0.57813,0.57702,0.24855,0.59998,0.60001,0.54547,0.90351,0.32217,0.83794,0.53228,0.28517,0.036718,0.48754,0.070418,1,0
0.23869,0.12406,0.22299,0.23074,0.24314,0.21361,0.10962,0.17925,0.20784,0.23797,0.56205,0.48314,0.54113,0.66667,0.5625,0.54574,0.36079,0.52499,0.60001,0.54547,0.90887,0.39534,0.88411,0.24985,0.25559,0.0056201,0.46496,0.061664,1,0
0.029532,0.038445,0.027568,0.032201,0.039146,0.025131,0.027326,0.020711,0.030186,0.036319,0.78215,0.22676,0.82684,0.77193,0.65625,0.79603,0.31516,0.79999,0.79999,0.8182,0.95389,0.24302,0.9175,0.20159,0.1233,0.02323,0.46623,0.029708,1,0
0.55729,0.1572,0.55295,0.53276,0.5712,0.53536,0.12814,0.49272,0.53747,0.58248,0.54001,0.51363,0.43723,0.52632,0.57031,0.45309,0.36761,0.40001,0.45001,0.5,0.85312,0.36673,0.86054,0.56028,0.29185,0.0014987,0.4696,0.070879,1,0
0.081474,0.16024,0.045828,0.045252,0.1128,0.067631,0.11027,0.039026,0.041313,0.094592,0.75616,0.37829,0.58442,0.73684,0.79688,0.82052,0.29757,0.79999,0.79999,0.77273,0.87671,0.29822,0.87331,0.21708,0.19052,0.037093,0.46638,0.092348,1,0
0.35217,0.24934,0.29429,0.30556,0.41071,0.34299,0.1979,0.26989,0.32721,0.42249,0.67822,0.34744,0.77489,0.7193,0.60938,0.61735,0.39495,0.59998,0.60001,0.63637,0.90565,0.40798,0.89196,0.22185,0.31943,0.0044961,0.46491,0.077582,1,0
0.35009,0.12675,0.33688,0.37384,0.36251,0.35219,0.016966,0.35111,0.35513,0.3591,0.42429,0.59205,0.342,0.5614,0.46875,0.45309,0.61826,0.35,0.55,0.54547,0.9228,0.35742,0.87429,0.24449,0.20335,0.0018734,0.46354,0.048833,1,0
0.10903,0.2145,0.038636,0.093368,0.15164,0.10184,0.16909,0.032222,0.085467,0.15266,0.65572,0.29756,0.58442,0.7193,0.625,0.60382,0.33982,0.59998,0.60001,0.63637,0.9228,0.37405,0.8959,0.19086,0.31544,0.069689,0.46422,0.1898,1,0
0.014248,0.047961,0.0063943,0.0098218,0.031482,0.011645,0.035007,0.0056783,0.0077639,0.027057,0.74473,0.24636,0.74026,0.68421,0.57813,0.80222,0.27279,0.79999,0.79999,0.72727,0.90565,0.36673,0.8625,0.29811,0.13655,0.069689,0.46531,0.033867,1,0
0.14733,0.057772,0.14607,0.14728,0.14868,0.13359,0.049712,0.12013,0.13431,0.1388,0.64127,0.52914,0.671,0.73684,0.625,0.55685,0.29892,0.59998,0.60001,0.54547,0.88849,0.38336,0.86054,0.25759,0.2257,0.0089921,0.46501,0.054792,1,0
0.011951,0.042708,0.013371,0.01252,0.015178,0.010367,0.032889,0.010556,0.012315,0.013648,0.87041,0.29205,0.93074,0.87719,0.75,0.74601,0.2585,0.79999,0.7,0.72727,0.93888,0.45721,0.89982,0.2707,0.3036,0.14088,0.46333,0.075181,1,0
0.014796,0.044785,0.013371,0.014101,0.01555,0.01249,0.027981,0.010263,0.013369,0.015842,0.79122,0.23216,0.79221,0.73684,0.625,0.77237,0.28354,0.79999,0.7,0.72727,0.87993,0.49645,0.88607,0.13366,0.58032,0.22143,0.46375,0.14477,1,0
0.051342,0.13848,0.018416,0.03531,0.07937,0.04613,0.1083,0.015942,0.03159,0.076959,0.73287,0,0.75758,0.70175,0.59375,0.6139,0.16924,0.59998,0.60001,0.54547,0.88742,0.41064,0.81633,0.52809,0.15439,0.077932,0.55567,0.12234,1,0
0.022178,0.10952,0.0053889,0.01252,0.023845,0.020154,0.085951,0.0042769,0.012664,0.020443,0.72322,0.088118,0.74026,0.68421,0.57813,0.64698,0.17916,0.59998,0.60001,0.63637,0.90458,0.29757,0.81143,0.48938,0.25412,0.18097,0.46064,0.067297,1,0
0.013497,0.03137,0.013801,0.01252,0.016048,0.011666,0.023549,0.011536,0.012673,0.015392,0.69429,1.66e-15,0.72295,0.66667,0.5625,0.6139,0.1845,0.59998,0.60001,0.54547,0.91852,0.3215,0.82519,0.48996,0.22154,0.086175,0.4612,0.055375,1,0
0.01994,0.057694,0.015549,0.014101,0.028052,0.017994,0.045476,0.013307,0.013863,0.026992,0.80905,0.25895,0.70563,0.85965,0.73438,0.6917,0.20068,0.7,0.7,0.63637,0.92924,0.42461,0.88116,0.29752,0.21462,0.065193,0.46347,0.052396,1,0
0.046102,0.14312,0.018416,0.034672,0.043089,0.041475,0.10883,0.014729,0.03257,0.042031,0.80413,0.28477,0.87879,0.82456,0.70313,0.7523,0.3941,0.7,0.7,0.72727,0.94211,0.40266,0.88313,0.51321,0.14485,0.16486,0.47222,0.2153,1,0
0.024213,0.095423,0.0063249,0.012724,0.028884,0.022266,0.075099,0.0054111,0.012876,0.030271,0.80248,0.21764,0.70563,0.85965,0.73438,0.71561,0.23338,0.7,0.7,0.65909,0.93674,0.36608,0.91651,0.25223,0.21729,0.1109,0.46573,0.066704,1,0
0.037096,0.093423,0.024143,0.034518,0.03884,0.035227,0.075993,0.020414,0.033163,0.038035,0.75987,0.33113,0.82684,0.77193,0.65625,0.70518,0.36613,0.7,0.7,0.72727,0.92388,0.39734,0.89,0.28143,0.2074,0.03447,0.46505,0.050481,1,0
0.021747,0.066769,0.018416,0.014101,0.023879,0.019107,0.050637,0.014699,0.014432,0.018712,0.88472,0.23382,0.82684,0.77193,0.82812,0.81034,0.28258,0.79999,0.79999,0.8182,0.92388,0.31818,0.92633,0.19622,0.25064,0.18471,0.46613,0.16775,1,0
0.012902,0.031306,0.015549,0.014101,0.01548,0.011733,0.025045,0.013008,0.013196,0.015168,0.88806,0.25221,0.79221,0.92982,0.79688,0.76108,0.201,0.79999,0.7,0.72727,0.93353,0.40798,0.91357,0.24449,0.28375,0.1094,0.46505,0.071725,1,0
0.059319,0.09326,0.044409,0.043569,0.067752,0.053705,0.077001,0.038003,0.041602,0.064788,0.71165,0.4234,0.7316,0.77193,0.65625,0.64502,0.45741,0.59998,0.7,0.63637,0.9571,0.36009,0.92535,0.23256,0.23286,0.024354,0.46505,0.056911,1,0
0.069725,0.11275,0.05436,0.052058,0.096906,0.056865,0.063208,0.045062,0.049245,0.078663,0.72113,0.20655,0.77489,0.7193,0.60938,0.63917,0.21008,0.7,0.60001,0.63637,0.9228,0.41796,0.91947,0.21828,0.3438,0.031472,0.46522,0.085256,1,0
0.022643,0.07964,0.0075116,0.014101,0.035672,0.019142,0.059185,0.0065544,0.011813,0.022982,0.8319,0.21062,0.87879,0.82456,0.70313,0.79167,0.24658,0.79999,0.7,0.75002,0.92817,0.37672,0.91357,0.23436,0.25995,0.095541,0.46551,0.065766,1,0
0.031372,0.11064,0.013944,0.01855,0.03884,0.028953,0.087154,0.0106,0.017854,0.038112,0.74783,0.19236,0.80953,0.75439,0.64062,0.68884,0.21315,0.7,0.7,0.63637,0.9228,0.42261,0.91455,0.28798,0.24553,0.20532,0.46586,0.13547,1,0
0.14518,0.086692,0.12489,0.1549,0.16402,0.1316,0.075059,0.098661,0.13995,0.15947,0.52553,0.64418,0.4026,0.70175,0.59375,0.45309,0.57239,0.40001,0.49999,0.54547,0.93781,0.41529,0.89098,0.30825,0.18617,0.0071188,0.46429,0.044776,1,0
0.35124,0.35015,0.25362,0.33159,0.44353,0.26092,0.18574,0.20727,0.21958,0.33281,0.351,0.62982,0.26841,0.29825,0.47266,0.30268,0.41404,0.25001,0.30001,0.38636,0.95926,0.3521,0.93027,0.54299,0.27079,0.003372,0.4706,0.066272,1,0
0.208,0.21108,0.15752,0.16433,0.26999,0.1604,0.11993,0.12743,0.13942,0.20117,0.47572,0.49682,0.41126,0.50877,0.5625,0.47905,0.37898,0.5,0.4,0.54547,0.91208,0.37804,0.88706,0.55789,0.25828,0.0059948,0.47046,0.062306,1,0
0.20803,0.13596,0.18942,0.18955,0.22363,0.17443,0.062256,0.15525,0.16833,0.19654,0.64801,0.28083,0.72295,0.66667,0.5625,0.72802,0.31193,0.79999,0.7,0.72727,0.9003,0.41596,0.89294,0.21291,0.34624,0.010116,0.46496,0.085013,1,0
0.18686,0.17287,0.14519,0.19485,0.21878,0.16239,0.13602,0.1203,0.16031,0.20805,0.59594,0.57891,0.671,0.64912,0.54688,0.55165,0.58112,0.5,0.60001,0.63637,0.89708,0.35609,0.8949,0.18312,0.31341,0.010116,0.46543,0.076411,1,0
0.051095,0.10923,0.034536,0.042965,0.053455,0.044314,0.081494,0.025231,0.039456,0.049146,0.84249,0.32521,0.74026,0.87719,0.75,0.76568,0.26331,0.79999,0.7,0.72727,0.92066,0.38736,0.93714,0.16942,0.38602,0.05133,0.46556,0.097509,1,0
0.31527,0.47541,0.19289,0.31765,0.42984,0.15864,0,0.1652,0.16246,0.15961,0.25072,0.76463,0.077935,0.15789,0.44921,0.32344,0.64574,0.175,0.30001,0.47729,0.93139,0.34678,0.945,0.59125,0.37015,0.0044961,0.46978,0.089665,1,0
0.29726,0.17171,0.28066,0.27078,0.31821,0.29022,0.14633,0.25166,0.25211,0.3458,0.60944,0.52956,0.61905,0.70175,0.59375,0.59314,0.47159,0.52499,0.7,0.63637,0.94425,0.3102,0.89786,0.19802,0.21102,0.0029974,0.46396,0.050986,1,0
0.35755,0.30936,0.27473,0.35195,0.41808,0.32594,0.26215,0.20465,0.34111,0.41809,0.50626,0.5694,0.36797,0.52632,0.625,0.44014,0.49403,0.29999,0.45001,0.54547,0.95496,0.22306,0.91553,0.54895,0.4539,0.0074934,0.47406,0.11352,1,0
0.31763,0.22019,0.26795,0.29989,0.36771,0.28448,0.2028,0.22507,0.23921,0.3629,0.43201,0.64335,0.27273,0.63158,0.53125,0.38568,0.60116,0.29999,0.49999,0.47729,0.93674,0.3368,0.88902,0.52572,0.25798,0.0041214,0.47259,0.063215,1,0
0.15406,0.19371,0.085026,0.14162,0.22943,0.12745,0.13455,0.07205,0.10309,0.17012,0.43481,0.43163,0.35931,0.49123,0.40625,0.36116,0.41149,0.40001,0.30001,0.43182,0.91852,0.34544,0.89098,0.55372,0.29515,0.011615,0.47101,0.072133,1,0
0.18917,0.22487,0.13322,0.16249,0.2461,0.15927,0.18698,0.10957,0.12426,0.19975,0.43531,0.23776,0.53247,0.47368,0.39063,0.44198,0.23011,0.5,0.4,0.45454,0.94961,0.31618,0.8959,0.53406,0.29837,0.0086175,0.47456,0.074515,1,0
0.17301,0.16245,0.1478,0.1646,0.19116,0.15493,0.13389,0.11674,0.13864,0.19109,0.47443,0.35884,0.60173,0.54386,0.45312,0.47905,0.43348,0.40001,0.45001,0.54547,0.93781,0.30155,0.89098,0.53525,0.32178,0.011615,0.47359,0.07956,1,0
0.18289,0.086808,0.17246,0.19352,0.20293,0.16551,0.073435,0.13956,0.16852,0.19963,0.48986,0.36929,0.44589,0.59649,0.5,0.43753,0.31193,0.40001,0.4,0.45454,0.92066,0.32416,0.8959,0.54121,0.30625,0.010116,0.47093,0.075628,1,0
0.016986,0.047582,0.015549,0.01252,0.026372,0.013006,0.027866,0.013348,0.012711,0.022955,0.67834,0.3541,0.60173,0.77193,0.65625,0.58813,0.26102,0.59998,0.60001,0.54547,0.92817,0.30953,0.88018,0.42919,0.14755,0.059573,0.47058,0.037262,1,0
0.030803,0.18425,0.0014233,0.0077723,0.031948,0.02803,0.14556,0.0013789,0.0082345,0.024826,0.62321,0.2695,0.70563,0.64912,0.54688,0.56647,0.34998,0.59998,0.60001,0.54547,0.96891,0.29889,0.92045,0.49712,0.26679,0.14312,0.47243,0.065912,1,0
0.11581,0.44829,0.017555,0.04291,0.10306,0.10948,0.34745,0.014711,0.038883,0.11864,0.68963,0.24737,0.74026,0.68421,0.57813,0.65968,0.26771,0.7,0.60001,0.63637,0.94961,0.34412,0.97937,0.17418,0.33522,0.073436,0.46621,0.16363,1,0
0.10348,0.22009,0.045532,0.060352,0.15352,0.084915,0.14774,0.038702,0.055051,0.12181,0.7696,0.31849,0.68831,0.84211,0.71875,0.64452,0.30368,0.59998,0.60001,0.63637,0.93139,0.41596,0.95678,0.18014,0.41344,0.026976,0.46564,0.10223,1,0
0.059883,0.12635,0.026476,0.042284,0.097849,0.049256,0.094795,0.018243,0.039113,0.083639,0.67501,0,0.70563,0.64912,0.54688,0.68252,0.14212,0.7,0.7,0.63637,0.90673,0.49511,0.8517,0.40595,0.1424,0.021356,0.46349,0.034866,1,0
0.12738,0.16597,0.10177,0.11993,0.15604,0.10426,0.09439,0.078525,0.10943,0.14941,0.62786,0.39472,0.53247,0.70175,0.59375,0.57126,0.36273,0.59998,0.60001,0.54547,0.92602,0.45254,0.9175,0.19205,0.4275,0.022855,0.46433,0.10493,1,0
0.097668,0.30472,0.024664,0.04291,0.12607,0.090753,0.23262,0.018788,0.040558,0.1264,0.64549,0.32776,0.72295,0.68421,0.57813,0.58384,0.36264,0.59998,0.60001,0.63637,0.96354,0.35876,0.99804,0.59364,0.37403,0.083552,0.46929,0.23637,1,0
0.27508,0.083636,0.27926,0.28032,0.28484,0.24609,0.067337,0.23077,0.25639,0.27123,0.50384,0.6588,0.41126,0.54386,0.64062,0.45309,0.57239,0.40001,0.49999,0.54547,0.95389,0.34279,0.94304,0.59066,0.36275,0.0074934,0.47053,0.089174,1,0
0.28484,0.13963,0.27881,0.27544,0.3114,0.24303,0.085413,0.22494,0.24031,0.27446,0.47939,0.50075,0.42858,0.36842,0.59375,0.39754,0.38733,0.32501,0.4,0.45454,0.96677,0.34678,0.93321,0.57101,0.31892,0.0059948,0.47145,0.078194,1,0
0.053807,0.14546,0.024983,0.038852,0.060614,0.041678,0.06584,0.021929,0.033707,0.055642,0.69815,0.30408,0.79221,0.73684,0.625,0.67614,0.3507,0.7,0.7,0.65909,0.98176,0.43858,0.99312,0.13902,0.49892,0.06257,0.46486,0.12728,1,0
0.063684,0.13343,0.041957,0.050538,0.086789,0.057205,0.1103,0.034749,0.046842,0.061103,0.6334,0.34807,0.70563,0.64912,0.54688,0.62918,0.40887,0.7,0.60001,0.63637,0.96784,0.38271,0.95776,0.27249,0.21858,0.022855,0.46616,0.055336,1,0
0.4714,0.21035,0.45307,0.51293,0.49232,0.4156,0.2135,0.33915,0.47015,0.48483,0.40886,0.89589,0.13421,0.49123,0.67188,0.34416,0.57757,0.29999,0.30001,0.47729,0.96461,0.30754,0.95482,0.59542,0.41834,0.0041214,0.47089,0.10308,1,0
0.32786,0.36961,0.22043,0.33885,0.42906,0.26321,0.32039,0.15776,0.21358,0.38931,0.378,0.57121,0.24242,0.49123,0.44921,0.40641,0.41404,0.35,0.4,0.47729,0.94746,0.36806,0.90376,0.53228,0.22662,0.0029974,0.47134,0.055842,1,0
0.0091265,0.029894,0.0076959,0.014101,0.013586,0.0057861,0.018258,0.0040656,0.013293,0.011623,0.69269,0.15735,0.7316,0.70175,0.59375,0.70381,0.1402,0.74998,0.7,0.63637,0.94211,0.27561,0.86741,0.33922,0.048196,0.048333,0.48286,0.012255,1,0
0.35771,0.15429,0.33128,0.33337,0.40102,0.33861,0.1237,0.28562,0.32942,0.40066,0.58685,0.51843,0.56278,0.54386,0.65625,0.45679,0.32202,0.5,0.4,0.43182,0.96461,0.46518,0.91947,0.2141,0.40113,0.0059948,0.46123,0.098928,1,0
0.1581,0.13027,0.12514,0.15967,0.1878,0.13458,0.098169,0.099261,0.13127,0.14467,0.24348,0.61727,0.073599,0.23684,0.46875,0.24563,0.53658,0.1,0.25,0.36364,0.96033,0.394,0.87821,0.27845,0.19736,0.0071188,0.4955,0.049032,1,0
0.4149,0.26327,0.36515,0.41693,0.46418,0.46797,0,0.47211,0.47038,0.46858,0.55286,0.55667,0.39828,0.5614,0.6211,0.49632,0.5417,0.37499,0.49999,0.5909,0.96461,0.32084,0.90964,0.2135,0.19971,0.0014987,0.46308,0.048362,1,0
0.062993,0.17192,0.028484,0.046343,0.068578,0.037553,0.053093,0.017303,0.040206,0.065593,0.63644,0,0.671,0.61404,0.51562,0.72108,0.1797,0.74998,0.7,0.63637,0.92066,0.46719,0.86054,0.38332,0.13762,0.014612,0.4625,0.034136,1,0
0.10083,0.13409,0.075248,0.12094,0.12644,0.086524,0.09046,0.065499,0.094419,0.125,0.68545,0.41834,0.60173,0.80702,0.6875,0.60008,0.34572,0.59998,0.60001,0.63637,0.93139,0.29757,0.91161,0.22065,0.17535,0.05133,0.46617,0.15522,1,0
0.092019,0.44922,0.018416,0.018699,0.054309,0.086476,0.34278,0.01601,0.018333,0.056049,0.63557,0.28411,0.65368,0.59649,0.50781,0.67845,0.36566,0.67498,0.7,0.72727,0.98927,0.40665,0.99312,0.57815,0.27222,0.079805,0.46925,0.21389,1,0
0.40644,0.29524,0.36599,0.46492,0.44756,0.34486,0.27209,0.24663,0.41334,0.43324,0.43586,0.46112,0.43291,0.47368,0.4336,0.40641,0.41404,0.35,0.4,0.47729,0.98392,0.33415,0.95188,0.53942,0.28922,0.0029974,0.47087,0.071288,1,0
0.11741,0.16664,0.087087,0.12194,0.13611,0.11424,0.12711,0.076701,0.11811,0.13247,0.68894,0.4512,0.68831,0.63158,0.75,0.58853,0.37079,0.59998,0.60001,0.63637,0.9614,0.24235,0.88706,0.56802,0.45274,0.032596,0.53014,0.11273,1,0
0.091468,0.28601,0.0089489,0.030006,0.14622,0.088081,0.22167,0.0076486,0.025827,0.1584,0.76684,0.46023,0.80953,0.75439,0.65625,0.66923,0.39299,0.7,0.60001,0.65909,0.94318,0.34079,0.97151,0.17061,0.33451,0.049831,0.46618,0.096372,1,0
0.046046,0.08875,0.035424,0.043569,0.061596,0.040801,0.068602,0.023562,0.039696,0.057151,0.69024,0.21545,0.68831,0.63158,0.53125,0.64829,0.20125,0.59998,0.60001,0.63637,0.97426,0.41397,0.95678,0.17061,0.40573,0.064069,0.46424,0.10096,1,0
0.25716,0.15097,0.2202,0.25078,0.29644,0.22297,0.11463,0.18571,0.18953,0.27734,0.47113,0.6816,0.342,0.50877,0.64062,0.38269,0.581,0.29999,0.49999,0.45454,0.96033,0.32816,0.92633,0.52392,0.27232,0.0056201,0.47096,0.067453,1,0
0.14107,0.30577,0.024484,0.11258,0.20672,0.11264,0.20083,0.021354,0.094188,0.18896,0.48108,0.55007,0.37663,0.57895,0.48438,0.39259,0.4305,0.40001,0.4,0.45454,0.97212,0.24368,0.92733,0.57398,0.46332,0.026976,0.47495,0.11474,1,0
0.083283,0.33193,0.015549,0.022035,0.055093,0.078292,0.25293,0.012158,0.022329,0.057386,0.60047,0.19467,0.65368,0.59649,0.5,0.62342,0.25762,0.59998,0.60001,0.63637,0.97319,0.34279,0.97643,0.15512,0.3436,0.10341,0.46559,0.16407,1,0
0.3582,0.18574,0.34077,0.33977,0.36808,0.32561,0.17708,0.27417,0.30587,0.38344,0.45643,0.54264,0.41126,0.59649,0.5,0.42717,0.45151,0.5,0.45001,0.45454,0.96569,0.40531,0.91553,0.20755,0.32711,0.0044961,0.46149,0.079244,1,0
0.29534,0.11766,0.27957,0.29464,0.31557,0.26378,0.11278,0.22944,0.25167,0.30888,0.48215,0,0.53247,0.47368,0.39063,0.51017,0.18009,0.5,0.49999,0.47729,0.94961,0.36408,0.88116,0.25283,0.19589,0.0026227,0.45545,0.047331,1,0
0.22421,0.1009,0.20615,0.21604,0.25672,0.21296,0.078838,0.18008,0.21572,0.25371,0.46837,0.54119,0.44589,0.59649,0.5,0.50127,0.61781,0.44999,0.60001,0.61365,0.9346,0.35675,0.89982,0.21828,0.2477,0.0059948,0.46451,0.060969,1,0
0.08121,0.18744,0.019556,0.075766,0.13397,0.061224,0.10934,0.017311,0.052531,0.12566,0.64849,0.46076,0.61039,0.75439,0.64062,0.60223,0.42847,0.7,0.60001,0.5909,0.92602,0.2929,0.86545,0.48521,0.25332,0.026976,0.4771,0.064585,1,0
0.063166,0.13395,0.041632,0.043086,0.076995,0.052279,0.089272,0.034429,0.040439,0.069389,0.84111,0.31056,0.72295,0.89474,0.76562,0.74844,0.26277,0.7,0.7,0.72727,0.92817,0.46652,0.91651,0.23198,0.3848,0.042713,0.46453,0.096046,1,0
0.060447,0.12569,0.033818,0.045748,0.099605,0.048134,0.091514,0.024339,0.04097,0.078176,0.74114,0.2233,0.63637,0.77193,0.65625,0.83471,0.24563,0.89998,0.79999,0.72727,0.91959,0.38736,0.85759,0.29811,0.15842,0.020607,0.46081,0.038951,1,0
0.17146,0.089519,0.16546,0.18022,0.19217,0.14962,0.068821,0.13916,0.16096,0.16355,0.58822,0.48205,0.63637,0.58772,0.58594,0.5698,0.48729,0.55,0.55,0.63637,0.92066,0.38403,0.89688,0.24568,0.24768,0.0086175,0.46517,0.060945,1,0
0.046947,0.075879,0.039113,0.043569,0.066453,0.039114,0.054759,0.031287,0.039867,0.04888,0.82447,0.2275,0.72295,0.87719,0.75,0.71894,0.16144,0.7,0.7,0.63637,0.94318,0.3694,0.88607,0.27905,0.16467,0.019858,0.46309,0.040325,1,0
0.14447,0.087481,0.14172,0.13472,0.14822,0.13177,0.07064,0.11872,0.12191,0.14873,0.68272,0.53983,0.82684,0.77193,0.65625,0.66233,0.5722,0.72499,0.7,0.72727,0.91208,0.38736,0.91947,0.17061,0.37882,0.017235,0.46531,0.093393,1,0
0.014329,0.050329,0.0097676,0.014101,0.01527,0.012637,0.038938,0.0081616,0.013209,0.014872,0.80347,0.22399,0.80953,0.77193,0.65625,0.6786,0.21967,0.7,0.60001,0.63637,0.94211,0.4785,0.88706,0.29632,0.28966,0.11877,0.46041,0.071448,1,0
0.042902,0.09321,0.028504,0.039091,0.045771,0.038548,0.074063,0.023353,0.035979,0.044092,0.77692,0.26638,0.82684,0.77193,0.65625,0.70895,0.31369,0.7,0.7,0.72727,0.95819,0.39467,0.88607,0.56682,0.23753,0.12102,0.48986,0.18286,1,0
0.0090484,0.035749,0.0061052,0.0098218,0.014059,0.0069623,0.028024,0.0045537,0.0089409,0.010219,0.90644,3.4105e-16,0.91342,0.85965,0.73438,0.71617,0.20986,0.79999,0.7,0.63637,0.13701,0.39667,0.11903,0.37915,0.045322,0.034095,0.47079,0.010475,1,0
0.10648,0.12659,0.087173,0.099156,0.12196,0.096453,0.10411,0.072877,0.089439,0.11837,0.75653,0.37631,0.82684,0.77193,0.65625,0.67238,0.42816,0.7,0.7,0.72727,0.96033,0.43924,0.94892,0.19026,0.41215,0.026976,0.46445,0.104,1,0
0.028179,0.081396,0.015549,0.017737,0.036779,0.023062,0.059896,0.013142,0.015248,0.034561,0.8045,0.3274,0.70563,0.85965,0.73438,0.71617,0.251,0.7,0.7,0.63637,0.92924,0.42727,0.8949,0.32612,0.18094,0.041214,0.46541,0.045228,1,0
0.21042,0.092123,0.20099,0.22103,0.23673,0.18713,0.070238,0.16831,0.19262,0.21705,0.64608,0.36518,0.54979,0.7193,0.60938,0.57241,0.38236,0.5,0.55,0.63637,0.93674,0.31352,0.89982,0.55194,0.33349,0.0097415,0.47225,0.083025,1,0
0.04144,0.091067,0.02067,0.039091,0.053089,0.036082,0.067504,0.017347,0.035684,0.050968,0.78532,0.26736,0.65368,0.82456,0.70313,0.74875,0.2793,0.7,0.7,0.72727,0.91745,0.3541,0.92143,0.21112,0.27542,0.092544,0.46597,0.12498,1,0
0.082397,0.13868,0.043218,0.076485,0.11097,0.075433,0.11055,0.034397,0.070494,0.11133,0.72827,0.29937,0.68831,0.63158,0.73438,0.69886,0.26873,0.7,0.7,0.72727,0.92709,0.3867,0.93616,0.21768,0.31142,0.06819,0.46587,0.17168,1,0
0.031416,0.087303,0.018416,0.026433,0.034929,0.02449,0.046719,0.015574,0.023408,0.033605,0.82336,0.29896,0.74026,0.87719,0.75,0.81022,0.28001,0.79999,0.79999,0.72727,0.91101,0.46984,0.88313,0.28798,0.2975,0.062945,0.46427,0.074189,1,0
0.06121,0.11777,0.041713,0.046604,0.094268,0.050971,0.070748,0.036038,0.042674,0.080865,0.83798,0.34111,0.8961,0.87719,0.75,0.82397,0.36765,0.85,0.79999,0.8182,0.87457,0.44855,0.93223,0.16048,0.50081,0.05695,0.46577,0.12654,1,0
0.31062,0.22294,0.27875,0.32564,0.34098,0.25018,0.13647,0.20822,0.27882,0.29917,0.47572,0.68296,0.29005,0.66667,0.5625,0.39259,0.60372,0.29999,0.45001,0.45454,0.9003,0.31552,0.86447,0.50605,0.25981,0.0041214,0.47142,0.064532,1,0
0.3441,0.14883,0.31444,0.37371,0.35373,0.30907,0.12883,0.25572,0.34127,0.35607,0.52348,0.70223,0.29005,0.75439,0.64062,0.42717,0.75591,0.2,0.4,0.65909,0.9003,0.41729,0.92831,0.15929,0.44554,0.0071188,0.46546,0.10955,1,0
0.20538,0.066638,0.21643,0.20524,0.20137,0.18807,0.054654,0.18612,0.18842,0.19896,0.68879,0.41571,0.70563,0.66667,0.73438,0.68651,0.43666,0.7,0.7,0.72727,0.87671,0.43459,0.94205,0.15929,0.48989,0.016111,0.46595,0.1248,1,0
0.52983,0.012351,0.56585,0.53146,0.50209,0.50542,0,0.50927,0.50767,0.50599,0.31501,0.82105,0.10391,0.26316,0.51954,0.39259,0.81493,0.22499,0.19999,0.5909,0.91424,0.33081,0.92143,0.59007,0.38498,0.0029974,0.47012,0.093665,1,0
0.33508,0.13145,0.30657,0.33703,0.35796,0.28753,0.083235,0.25787,0.28339,0.32381,0.39536,0.59332,0.29005,0.4386,0.5625,0.37529,0.4861,0.29999,0.4,0.45454,0.90565,0.34878,0.88902,0.56385,0.31007,0.0044961,0.47055,0.075565,1,0
0.039333,0.098243,0.025841,0.030335,0.043894,0.036897,0.080019,0.016175,0.028253,0.044615,0.80125,0.35706,0.8961,0.84211,0.71875,0.76668,0.35264,0.79999,0.79999,0.72727,0.89493,0.34611,0.86937,0.25938,0.17581,0.035594,0.4658,0.04808,1,0
0.045653,0.099914,0.021205,0.036979,0.064667,0.038104,0.068623,0.016646,0.034009,0.059168,0.81194,0.38226,0.87879,0.82456,0.70313,0.70381,0.405,0.7,0.7,0.72727,0.10806,0.41596,0.042428,0.26594,0.26408,0.04009,0.47,0.070933,1,0
0.26321,0.27287,0.21969,0.21008,0.28502,0.26089,0.23267,0.19405,0.21412,0.33481,0.66537,0.49851,0.79221,0.73684,0.625,0.63466,0.47159,0.59998,0.7,0.63637,0.90458,0.45588,0.90768,0.27189,0.31762,0.0074934,0.4656,0.076965,1,0
0.090728,0.10646,0.055901,0.10483,0.11028,0.080356,0.079623,0.049605,0.095592,0.10738,0.7802,0.37645,0.80953,0.78947,0.67188,0.76353,0.38816,0.775,0.7,0.72727,0.91101,0.46652,0.99018,0.14856,0.5568,0.044586,0.46592,0.14823,1,0
0.068123,0.31,0.018416,0.026486,0.049913,0.062501,0.23759,0.014704,0.024021,0.047001,0.81563,0.39099,0.75758,0.89474,0.76562,0.73462,0.34401,0.7,0.7,0.72727,0.91101,0.47783,0.9067,0.58292,0.18147,0.089547,0.46887,0.18899,1,0
0.26999,0.17807,0.23592,0.25302,0.3212,0.25156,0.14262,0.18835,0.25957,0.31532,0.65922,0.55229,0.671,0.80702,0.6875,0.55919,0.47248,0.59998,0.49999,0.63637,0.96247,0.23836,0.89786,0.59066,0.49419,0.011615,0.48713,0.12212,1,0
0.096203,0.38698,0.0079681,0.017265,0.1153,0.08778,0.29787,0.0067273,0.016534,0.081595,0.59445,0.14674,0.65368,0.59649,0.5,0.49125,0.24863,0.5,0.49999,0.45454,0.96784,0.40997,0.96464,0.21291,0.34322,0.10978,0.46537,0.17088,1,0
0.0075071,0.034586,0.0061338,0.0078561,0.013174,0.0062804,0.027415,0.0051014,0.0070061,0.010554,0.71358,3.3877e-16,0.74026,0.68421,0.57813,0.62246,0.16815,0.59998,0.60001,0.56819,0.96569,0.38004,0.89884,0.43396,0.052907,0.050955,0.47031,0.014189,1,0
0.2559,0.10719,0.24441,0.25526,0.26298,0.24855,0.083211,0.22701,0.24148,0.277,0.54644,0.59513,0.53247,0.68421,0.57813,0.60008,0.67609,0.5,0.7,0.72727,0.91959,0.38336,0.89982,0.21052,0.30114,0.0059948,0.46482,0.072863,1,0
0.050201,0.11359,0.035674,0.039091,0.05068,0.039834,0.067018,0.030673,0.037845,0.044823,0.71702,0.31832,0.71429,0.75439,0.64062,0.71246,0.41683,0.7,0.7,0.63637,0.87134,0.46917,0.85661,0.29335,0.29266,0.041589,0.46496,0.073733,1,0
0.054584,0.13101,0.018416,0.030607,0.087767,0.045611,0.095012,0.015874,0.022422,0.080324,0.61627,0.30224,0.53247,0.66667,0.5625,0.53563,0.33529,0.5,0.49999,0.54547,0.86385,0.39135,0.83402,0.57219,0.25816,0.029599,0.47111,0.065285,1,0
0.12749,0.069261,0.11961,0.13207,0.14448,0.11575,0.054732,0.098593,0.11807,0.14346,0.76349,0.52085,0.84416,0.84211,0.71875,0.74449,0.47202,0.7,0.79999,0.72727,0.83812,0.46785,0.90474,0.20159,0.47094,0.024354,0.466,0.11735,1,0
0.28854,0.25388,0.27,0.30208,0.29121,0.25968,0.21902,0.21926,0.26149,0.28734,0.42188,0.77277,0.20347,0.47368,0.65625,0.44014,0.63476,0.35,0.4,0.5909,0.91315,0.33415,0.90277,0.59007,0.37222,0.0074934,0.47075,0.091288,1,0
0.38451,0.30527,0.30821,0.40865,0.45762,0.31259,0.22052,0.2341,0.31113,0.39893,0.52844,0.45215,0.51082,0.54386,0.5039,0.40641,0.46665,0.40001,0.49999,0.45454,0.91101,0.36673,0.91259,0.58947,0.33359,0.0044961,0.46995,0.08094,1,0
0.39976,0.1918,0.37023,0.40134,0.43126,0.39623,0.12627,0.35408,0.38985,0.4464,0.57086,0.52956,0.58442,0.66667,0.5625,0.6969,0.58157,0.67498,0.7,0.75002,0.91315,0.36673,0.88706,0.20456,0.28473,0.0029974,0.46457,0.069489,1,0
0.046463,0.13575,0.014992,0.037836,0.045979,0.043033,0.10872,0.01234,0.035294,0.045985,0.75215,1.0028e-15,0.77489,0.7193,0.60938,0.71417,0.26922,0.7,0.7,0.72727,0.91638,0.41929,0.86054,0.43813,0.023133,0.058449,0.46796,0.075298,0,0
0.33149,0.26396,0.2789,0.30088,0.39178,0.2386,0.05903,0.22324,0.24207,0.26095,0.38572,0.43886,0.29005,0.32456,0.45312,0.32344,0.3515,0.29999,0.30001,0.36364,0.92495,0.4113,0.89688,0.52691,0.16817,0.0014987,0.4695,0.040597,1,0
0.29916,0.24134,0.22497,0.30299,0.36316,0.27149,0.20544,0.17624,0.25305,0.3857,0.49179,0.60057,0.44589,0.64912,0.54688,0.42717,0.50151,0.44999,0.4,0.54547,0.94746,0.27228,0.92929,0.53704,0.37385,0.0071188,0.47104,0.092848,1,0
0.28554,0.25718,0.20226,0.29597,0.35425,0.24121,0.19997,0.16864,0.19216,0.34255,0.49317,0.59122,0.51515,0.45614,0.59375,0.47164,0.42793,0.35,0.4,0.54547,0.92817,0.33747,0.90964,0.55134,0.30649,0.0056201,0.47051,0.075147,1,0
0.12406,0.078642,0.12047,0.12233,0.1178,0.11144,0.064393,0.10198,0.10913,0.11328,0.55672,0.43196,0.671,0.61404,0.51562,0.51017,0.44709,0.52499,0.49999,0.54547,0.92066,0.33415,0.90474,0.54955,0.30917,0.017235,0.47043,0.081086,1,0
0.24403,0.13003,0.21994,0.23408,0.27611,0.20597,0.079719,0.18145,0.20168,0.23781,0.53036,0.42175,0.53247,0.57018,0.5625,0.49632,0.40077,0.40001,0.49999,0.54547,0.92066,0.36341,0.8949,0.51916,0.22023,0.0044961,0.47002,0.055025,1,0
0.21234,0.19768,0.1758,0.21715,0.23534,0.17215,0.11209,0.12703,0.19082,0.22023,0.45216,0.49614,0.51949,0.5614,0.46875,0.46174,0.60881,0.425,0.49999,0.56819,0.91959,0.28824,0.86348,0.52035,0.31516,0.0086175,0.47688,0.078496,1,0
0.087155,0.16466,0.020231,0.1052,0.11443,0.074591,0.12656,0.016153,0.094684,0.10373,0.61354,0.33622,0.62771,0.66667,0.5625,0.52442,0.3285,0.5,0.49999,0.54547,0.92602,0.34014,0.87625,0.51559,0.23698,0.032596,0.47273,0.064765,1,0
0.095842,0.16872,0.047,0.092331,0.11513,0.078858,0.10153,0.039959,0.079093,0.11098,0.70358,0.21634,0.77489,0.7193,0.60938,0.61928,0.29066,0.59998,0.60001,0.63637,0.95068,0.20842,0.8959,0.55432,0.48013,0.035594,0.47917,0.12363,1,0
0.067525,0.16738,0.026262,0.049627,0.086106,0.05828,0.12082,0.020027,0.043682,0.085576,0.73634,0.33072,0.72295,0.66667,0.73438,0.60914,0.24748,0.59998,0.60001,0.63637,0.94961,0.28292,0.93911,0.21886,0.16968,0.11727,0.46656,0.20852,1,0
0.018542,0.053149,0.016336,0.014678,0.02532,0.016754,0.04234,0.013484,0.014259,0.023448,0.77284,0.12586,0.80953,0.75439,0.64062,0.71816,0.23687,0.7,0.7,0.72727,0.95819,0.41729,0.90866,0.29036,0.21584,0.072686,0.4636,0.05415,1,0
0.26391,0.23384,0.22361,0.26102,0.30661,0.26238,0.14944,0.20599,0.23123,0.30588,0.56573,0.4853,0.65368,0.64912,0.54688,0.51938,0.42296,0.5,0.49999,0.63637,0.94639,0.42128,0.95188,0.20099,0.37936,0.0086175,0.46534,0.092639,1,0
0.47915,0.2806,0.43148,0.44202,0.53519,0.48756,0.22107,0.41172,0.48989,0.56852,0.51591,0.46254,0.45455,0.61404,0.51562,0.45309,0.32287,0.44999,0.49999,0.45454,0.95389,0.40399,0.8949,0.25581,0.24839,0.0014987,0.46043,0.059915,1,0
0.1033,0.15749,0.05166,0.12327,0.14416,0.09808,0.12139,0.048806,0.11352,0.14125,0.72736,0.51991,0.68831,0.84211,0.71875,0.57537,0.37635,0.57499,0.60001,0.56819,0.95389,0.3348,0.91259,0.56147,0.31798,0.031472,0.4724,0.10162,1,0
0.096809,0.17153,0.037637,0.08405,0.13757,0.08439,0.13036,0.030522,0.065578,0.13226,0.52985,0.36432,0.58442,0.52632,0.4375,0.49816,0.40621,0.5,0.49999,0.52272,0.92495,0.32017,0.89098,0.54181,0.30941,0.023979,0.4717,0.082296,1,0
0.11587,0.37255,0.034512,0.045748,0.11709,0.10959,0.28463,0.033039,0.045718,0.1172,0.79447,0.37358,0.75758,0.70175,0.76562,0.75569,0.41324,0.7,0.7,0.72727,0.94211,0.29091,0.92831,0.55491,0.37721,0.061072,0.47085,0.21334,1,0
0.17595,0.26899,0.11054,0.14036,0.23175,0.14491,0.18863,0.090513,0.11643,0.16544,0.58896,0.33152,0.46321,0.66667,0.5625,0.499,0.32149,0.5,0.49999,0.54547,0.97319,0.21307,0.91455,0.53822,0.44829,0.015736,0.47945,0.11372,1,0
0.18878,0.21768,0.12842,0.16898,0.22436,0.16615,0.17381,0.10647,0.14175,0.20083,0.55403,0.28714,0.65368,0.59649,0.5,0.50261,0.32058,0.5,0.49999,0.54547,0.95926,0.27693,0.90768,0.52989,0.34706,0.011615,0.47477,0.085689,1,0
0.16405,0.22602,0.11127,0.1381,0.20598,0.139,0.16542,0.093067,0.1238,0.17074,0.56671,0.40579,0.54979,0.49123,0.60938,0.47503,0.29949,0.47501,0.49999,0.47729,0.96569,0.29757,0.92143,0.55134,0.35334,0.014238,0.47323,0.089655,1,0
0.069016,0.19805,0.01896,0.017265,0.12361,0.056863,0.14351,0.014794,0.01716,0.092932,0.61101,0.22878,0.671,0.61404,0.51562,0.50734,0.18708,0.5,0.49999,0.45454,0.96998,0.2969,0.90572,0.52751,0.31372,0.031472,0.47929,0.077446,1,0
0.06779,0.26222,0.0012482,0.023596,0.053938,0.064148,0.20113,0.0012144,0.022794,0.056157,0.59853,0.33747,0.58442,0.52632,0.61719,0.57027,0.312,0.59998,0.60001,0.54547,0.98713,0.36076,0.97937,0.17596,0.33111,0.32934,0.46536,0.10442,1,0
0.29487,0.15108,0.26885,0.3038,0.32419,0.29606,0.077873,0.27196,0.29763,0.3271,0.49758,0.5853,0.37229,0.66667,0.5625,0.48941,0.49554,0.425,0.49999,0.56819,0.97212,0.37073,0.91357,0.25045,0.2109,0.0029974,0.46211,0.051462,1,0
0.10193,0.084645,0.099195,0.10757,0.11303,0.09202,0.067896,0.082045,0.10027,0.10897,0.66712,0.38785,0.77489,0.7193,0.60938,0.65822,0.38694,0.7,0.7,0.63637,0.96247,0.43259,0.98919,0.14082,0.49496,0.032971,0.46529,0.12742,1,0
0.1307,0.079141,0.12272,0.13016,0.13487,0.12683,0.063895,0.11472,0.12162,0.14688,0.45643,0.49294,0.44589,0.57895,0.48438,0.47905,0.44635,0.5,0.45001,0.54547,0.95926,0.38271,0.89294,0.32373,0.11203,0.0041214,0.46234,0.026805,1,0
0.47692,0.21355,0.44363,0.52422,0.50038,0.40735,0.21861,0.33304,0.41005,0.48751,0.3375,0.52461,0.22078,0.42105,0.4375,0.29748,0.36761,0.25001,0.25,0.36364,0.98392,0.41662,0.94992,0.58649,0.24799,0.0014987,0.47052,0.060517,1,0
0.46917,0.44597,0.36715,0.46182,0.56432,0.34418,0.22125,0.2634,0.38424,0.42209,0.56315,0.56203,0.45889,0.47368,0.6875,0.42717,0.34034,0.37499,0.4,0.47729,0.95496,0.34014,0.93321,0.55491,0.30784,0.0026227,0.47058,0.075079,1,0
0.38394,0.38636,0.27253,0.38512,0.48818,0.31507,0.34036,0.20754,0.24644,0.44747,0.40886,0.51896,0.34632,0.36842,0.53125,0.36492,0.32644,0.35,0.4,0.38636,0.95175,0.34611,0.92339,0.53108,0.26094,0.0029974,0.47049,0.065713,1,0
0.35046,0.26913,0.30587,0.34803,0.43901,0.29446,0.20734,0.22921,0.26083,0.38608,0.54551,0.55123,0.51515,0.70175,0.59375,0.41235,0.48814,0.40001,0.4,0.5,0.94318,0.2643,0.9067,0.52334,0.35762,0.0056201,0.47246,0.08912,1,0
0.44743,0.13398,0.44095,0.43428,0.46162,0.44274,0.11062,0.40714,0.44527,0.48359,0.50143,0.49919,0.4026,0.5,0.53906,0.55685,0.47728,0.5,0.60001,0.5909,0.97105,0.39933,0.92929,0.18312,0.35867,0.003372,0.46253,0.087667,1,0
0.40907,0.19278,0.38505,0.39568,0.43562,0.37232,0.18779,0.31311,0.34073,0.44619,0.38958,0.60937,0.31169,0.5614,0.46875,0.38568,0.6564,0.22499,0.49999,0.54547,0.97212,0.39335,0.91553,0.21828,0.29262,0.0029974,0.46066,0.070991,1,0
0.5151,0.60678,0.361,0.46437,0.65601,0.35149,0.21177,0.27537,0.35504,0.43381,0.35872,0.67047,0.26841,0.31579,0.54688,0.32344,0.54878,0.29999,0.30001,0.4091,0.96033,0.33814,0.94794,0.57875,0.3507,0.0029974,0.47047,0.087181,1,0
0.478,0.32403,0.41753,0.43379,0.54707,0.36013,0.065453,0.34149,0.36304,0.38467,0.34233,0.41136,0.29005,0.36842,0.38281,0.37529,0.37282,0.35,0.30001,0.4091,0.9614,0.39467,0.94598,0.57994,0.27586,0.0018734,0.46995,0.067186,1,0
0.50357,0.21107,0.47201,0.49958,0.53596,0.42241,0.11093,0.38386,0.43109,0.46491,0.46286,0.55875,0.33334,0.63158,0.53125,0.44792,0.35369,0.37499,0.49999,0.47729,0.94104,0.27029,0.91259,0.53346,0.36728,0.0029974,0.47176,0.090467,1,0
0.29633,0.14498,0.27751,0.27987,0.31592,0.25715,0.10044,0.23088,0.24755,0.25707,0.59572,0.55022,0.53679,0.7193,0.60938,0.50787,0.50225,0.57499,0.49999,0.54547,0.95175,0.42994,0.94402,0.17537,0.42325,0.0086175,0.46451,0.10474,1,0
0.41135,0.21392,0.38319,0.4237,0.44155,0.36673,0.21539,0.28795,0.383,0.44837,0.38572,0.5792,0.4156,0.50877,0.42188,0.38568,0.58157,0.37499,0.4,0.47729,0.96784,0.36076,0.92733,0.18968,0.29567,0.0029974,0.46356,0.071555,1,0
0.17179,0.097194,0.154,0.17755,0.18809,0.15455,0.077777,0.12936,0.15826,0.18805,0.54828,0.57192,0.51515,0.7193,0.60938,0.54574,0.60797,0.59998,0.60001,0.63637,0.91101,0.40997,0.92143,0.16882,0.41297,0.015736,0.46518,0.1022,1,0
0.057719,0.11743,0.023079,0.043569,0.097649,0.05102,0.089918,0.01892,0.038924,0.092887,0.706,0.076922,0.74026,0.68421,0.57813,0.75691,0.28128,0.79999,0.79999,0.72727,0.9571,0.41995,0.92241,0.23078,0.31551,0.037093,0.4638,0.080795,1,0
0.16514,0.065145,0.15559,0.16915,0.17613,0.14549,0.046379,0.12899,0.14617,0.16737,0.63429,0.33223,0.69265,0.68421,0.57813,0.57702,0.30652,0.5,0.60001,0.56819,0.91852,0.38603,0.89786,0.24389,0.25446,0.0089921,0.46525,0.061747,1,0
0.43502,0.37156,0.34462,0.49015,0.51262,0.38004,0.32948,0.24789,0.39767,0.51866,0.32786,0.64433,0.16884,0.33333,0.5625,0.30613,0.39495,0.29999,0.30001,0.36364,0.95282,0.34878,0.98134,0.59662,0.38586,0.0044961,0.46948,0.096284,1,0
0.49175,0.20708,0.46125,0.5366,0.51315,0.42212,0.21335,0.34959,0.42475,0.50034,0.2459,0.82153,0.038968,0.24561,0.45312,0.29748,0.56609,0.2,0.34999,0.4091,0.96677,0.4266,0.9617,0.58828,0.25358,0.0014987,0.46939,0.062476,1,0
0.37628,0.26671,0.32751,0.35576,0.42503,0.29072,0.087308,0.26236,0.3086,0.32198,0.42815,0.54534,0.36797,0.40351,0.54688,0.34416,0.41404,0.32501,0.4,0.38636,0.94318,0.34611,0.9175,0.53048,0.26098,0.0029974,0.47037,0.064585,1,0
0.27835,0.22927,0.25102,0.3136,0.33451,0.25132,0.18504,0.20923,0.2745,0.32691,0.51546,0.43818,0.4329,0.54386,0.45312,0.47432,0.3894,0.35,0.49999,0.54547,0.93888,0.39667,0.84974,0.56325,0.22982,0.046459,0.45782,0.19866,1,0
0.33698,0.29041,0.30812,0.30733,0.4048,0.27174,0.16193,0.23753,0.2774,0.31098,0.46837,0.63222,0.39394,0.52632,0.61328,0.42717,0.3288,0.35,0.4,0.45454,0.90458,0.30155,0.85661,0.56385,0.36541,0.0059948,0.47544,0.093116,1,0
0.038648,0.096014,0.019676,0.01855,0.06094,0.034229,0.07573,0.015201,0.018941,0.051394,0.7753,0.30659,0.70563,0.84211,0.71875,0.75915,0.29589,0.79999,0.75001,0.72727,0.91852,0.3694,0.89982,0.23376,0.24849,0.043087,0.46541,0.06496,1,0
0.14297,0.48427,0.0074254,0.014101,0.33555,0.13762,0.37348,0.0060937,0.013384,0.34553,0.47777,0.34522,0.41126,0.45614,0.5,0.45546,0.38264,0.40001,0.4,0.54547,0.91208,0.54833,0.87527,0.22781,0.49626,0.12102,0.46055,0.14917,1,0
0.37482,0.073094,0.385,0.37652,0.37133,0.35572,0.037435,0.34963,0.34775,0.37041,0.54772,0.3806,0.57142,0.61404,0.51562,0.55165,0.41404,0.52499,0.60001,0.56819,0.88421,0.42195,0.85661,0.26116,0.27232,0.0029974,0.46443,0.065723,1,0
0.27562,0.21954,0.23542,0.25982,0.28457,0.26985,0.15785,0.23789,0.25644,0.2718,0.6051,0.37938,0.70563,0.64912,0.54688,0.55685,0.39439,0.59998,0.60001,0.54547,0.90351,0.45122,0.86839,0.23019,0.35802,0.0074934,0.46268,0.087235,1,0
0.12458,0.11516,0.10671,0.12455,0.14316,0.11455,0.096573,0.086739,0.11028,0.1437,0.70033,0.50425,0.68831,0.80702,0.6875,0.68003,0.52706,0.7,0.7,0.72727,0.88421,0.40133,0.92143,0.17478,0.40726,0.021356,0.46585,0.10107,1,0
0.1084,0.14519,0.060224,0.11754,0.14078,0.095246,0.11641,0.04989,0.10022,0.12834,0.62605,0.43954,0.74026,0.68421,0.57813,0.59476,0.46114,0.59998,0.60001,0.63637,0.89279,0.40531,0.88804,0.26653,0.25466,0.016111,0.46581,0.065028,1,0
0.46306,0.39912,0.36592,0.42338,0.55391,0.34907,0.18236,0.29817,0.3027,0.41853,0.50143,0.5792,0.51948,0.61404,0.51562,0.51017,0.63489,0.40001,0.60001,0.63637,0.94746,0.37737,0.66313,0.41966,0.32236,0.0029974,0.46759,0.079288,0,0
0.37618,0.16847,0.35327,0.40226,0.40204,0.32842,0.14713,0.27638,0.34288,0.38402,0.54386,0.57648,0.30736,0.64912,0.59375,0.42717,0.54878,0.32501,0.49999,0.54547,0.78451,0.41264,0.89392,0.40595,0.26747,0.0029974,0.4676,0.06583,0,0
0.22307,0.12278,0.20622,0.22577,0.24489,0.24271,0,0.24862,0.24615,0.24359,0.52072,0.51274,0.39394,0.64912,0.54688,0.49632,0.65763,0.35,0.4,0.63637,0.9228,0.41596,0.79278,0.44648,0.083288,0.00037467,0.46743,0.01946,0,0
0.17088,0.091964,0.15889,0.17367,0.18887,0.13606,0.059584,0.12128,0.13999,0.15872,0.44841,0.51218,0.31602,0.50877,0.53125,0.42717,0.3044,0.40001,0.45001,0.45454,0.74806,0.42195,0.64447,0.47925,0.089963,0.0014987,0.46683,0.021419,1,0
0.29663,0.21842,0.25361,0.28949,0.3551,0.25038,0.17455,0.19625,0.24335,0.31165,0.60751,0.52577,0.54979,0.64035,0.67188,0.42717,0.38504,0.40001,0.34999,0.45454,0.22384,0.35876,0.04341,0.40476,0.25502,0.0041214,0.46756,0.063341,0,0
0.22508,0.1054,0.22614,0.22957,0.23828,0.20857,0.091876,0.1857,0.21995,0.23963,0.72185,0.38682,0.68831,0.78947,0.67188,0.59018,0.42793,0.55,0.60001,0.61365,0.85955,0.43724,0.63366,0.48699,0.24654,0.0059948,0.46749,0.06164,0,0
0.27232,0.12314,0.26254,0.29417,0.29406,0.23922,0.10145,0.20849,0.25545,0.27704,0.70715,0.59696,0.41126,0.70175,0.84375,0.49632,0.46499,0.40001,0.45001,0.54547,0.21526,0.3694,0.034571,0.37795,0.25362,0.0044961,0.46774,0.061489,0,0
0.38117,0.37001,0.27644,0.3799,0.43955,0.28694,0.16277,0.22433,0.28935,0.35642,0.59786,0.71943,0.44589,0.64912,0.76562,0.40986,0.45998,0.40001,0.45001,0.45454,0.26351,0.37073,0.019839,0.34696,0.35239,0.0044961,0.46785,0.085626,0,0
0.32332,0.048789,0.33443,0.32587,0.31946,0.30507,0.030621,0.29873,0.30866,0.31762,0.81001,0.57503,0.72728,0.78947,0.84375,0.5309,0.26363,0.55,0.49999,0.54547,0.32997,0.38868,0.15046,0.34578,0.25299,0.003372,0.46801,0.06093,0,0
0.38682,0.24621,0.31158,0.41808,0.43339,0.33735,0.21476,0.25346,0.31763,0.42777,0.52715,0.67976,0.48052,0.54386,0.5625,0.39259,0.42326,0.40001,0.45001,0.45454,0.83383,0.36408,0.99312,0.41132,0.35388,0.0044961,0.4678,0.085786,0,0
0.53183,0.42945,0.43647,0.47014,0.63976,0.42553,0.25302,0.35016,0.3991,0.50658,0.66216,0.4158,0.58442,0.75439,0.64062,0.58278,0.42508,0.59998,0.60001,0.54547,0.73949,0.34745,0.96563,0.36008,0.44449,0.0041214,0.46767,0.1094,0,0
0.36628,0.16902,0.32983,0.38382,0.40477,0.34732,0.14048,0.31986,0.35043,0.40575,0.61991,0.60857,0.5671,0.78947,0.67188,0.45679,0.49264,0.35,0.4,0.5909,0.80382,0.40266,0.9941,0.38749,0.39883,0.0059948,0.4676,0.09975,0,0
0.34774,0.22473,0.30471,0.33439,0.39534,0.32056,0.26329,0.23079,0.32365,0.41705,0.46769,0.57355,0.38529,0.59649,0.5,0.66058,0.64275,0.55,0.7,0.72727,0.87027,0.41729,0.69456,0.47984,0.17555,0.0014987,0.4673,0.043003,0,0
0.39521,0.23901,0.35168,0.38481,0.41376,0.32737,0.11776,0.2914,0.33861,0.36567,0.55653,0.49939,0.52813,0.66667,0.5625,0.54574,0.36079,0.52499,0.60001,0.54547,0.78666,0.44256,0.97839,0.39225,0.4072,0.0056201,0.4675,0.10187,0,0
0.29659,0.096057,0.2925,0.29904,0.30647,0.24222,0,0.24813,0.24566,0.24309,0.45001,0.68364,0.27273,0.63158,0.53125,0.5309,0.5695,0.40001,0.60001,0.61365,0.81881,0.44989,0.6867,0.49652,0.11125,0.00037467,0.46723,0.026493,0,0
0.34947,0.30224,0.29042,0.3289,0.40758,0.25944,0.10618,0.22464,0.28679,0.29513,0.56701,0.28374,0.46321,0.64912,0.54688,0.46865,0.28878,0.40001,0.49999,0.47729,0.86063,0.34146,0.94992,0.34101,0.24611,0.0029974,0.46758,0.059545,0,0
0.21961,0.20278,0.17736,0.22231,0.26396,0.1434,0,0.15008,0.1473,0.14439,0.46286,0.52198,0.32902,0.49123,0.53516,0.42717,0.21525,0.425,0.4,0.43182,0.93139,0.37272,0.93125,0.42622,0.12424,0.0014987,0.46809,0.02953,0,0
0.32292,0.22195,0.28825,0.30461,0.35967,0.25193,0.089377,0.22303,0.26979,0.28411,0.66344,0.3806,0.67532,0.7193,0.60938,0.59314,0.32644,0.625,0.60001,0.56819,0.91101,0.39866,0.70536,0.49235,0.23403,0.0029974,0.4672,0.057217,0,0
0.24333,0.089102,0.2395,0.23343,0.25637,0.20077,0.032765,0.19517,0.2044,0.21362,0.67501,0.51804,0.58442,0.77193,0.65625,0.58278,0.41217,0.5,0.60001,0.63637,0.84026,0.4266,0.69456,0.47328,0.1263,0.0014987,0.46732,0.029977,0,0
0.19016,0.14711,0.16371,0.19297,0.22077,0.12875,0,0.13554,0.13271,0.12975,0.42429,0.50058,0.30736,0.40351,0.5039,0.39259,0.62137,0.29999,0.19999,0.52272,0.77702,0.39335,0.67884,0.44349,0.069971,0.00037467,0.46688,0.016312,0,0
0.21648,0.28201,0.15154,0.18421,0.28925,0.1308,0.06944,0.1125,0.13475,0.15705,0.44358,0.66605,0.342,0.59649,0.5,0.50497,0.7933,0.35,0.49999,0.63637,0.84777,0.42793,0.70143,0.45482,0.11711,0.0018734,0.46754,0.029661,0,0
0.35958,0.060607,0.37037,0.3618,0.35571,0.34571,0,0.35081,0.34868,0.34646,0.46286,0.70501,0.27707,0.64912,0.54688,0.46174,0.44808,0.37499,0.49999,0.52272,0.83062,0.40865,0.68572,0.43813,0.11729,0,0.46753,0.027883,0,0
0.27466,0.30753,0.20982,0.26206,0.33817,0.204,0.17246,0.14517,0.21196,0.27041,0.58501,0.68216,0.58442,0.73684,0.625,0.63466,0.77011,0.7,0.7,0.72727,0.90673,0.39601,0.67786,0.46375,0.25102,0.0048707,0.46741,0.065237,0,0
0.34833,0.25007,0.30017,0.33987,0.39681,0.27341,0.11669,0.2339,0.29774,0.31448,0.69044,0.26477,0.70563,0.7193,0.60938,0.71763,0.23579,0.74998,0.7,0.65909,0.95496,0.38802,0.71911,0.45779,0.25603,0.0029974,0.46741,0.0618,0,0
0.12559,0.17279,0.065373,0.13915,0.17301,0.11489,0.15608,0.043032,0.13842,0.17633,0.89573,0.71395,0.8961,0.84211,0.92188,0.81909,0.64375,0.89998,0.90001,0.8182,0.85205,0.12661,0.66215,0.19921,0.18867,0.0089921,0.46749,0.048405,0,0
0.22863,0.25464,0.17673,0.24249,0.23615,0.21743,0.20335,0.17163,0.22234,0.23169,0.78752,0.81999,0.59308,0.87719,0.9375,0.71246,0.7902,0.5,0.7,0.86363,0.77058,0.16985,1,0.20338,0.45372,0.013114,0.46768,0.11279,0,0
0.28201,0.20997,0.27987,0.30639,0.32404,0.25946,0.18046,0.24959,0.29467,0.32001,0.70287,0.66197,0.52815,0.75439,0.70703,0.57702,0.51739,0.52499,0.60001,0.63637,0.80059,0.14988,1,0.1855,0.41022,0.0086175,0.46768,0.10036,0,0
0.4002,0.38709,0.32327,0.35563,0.47917,0.30206,0.17837,0.24254,0.3086,0.36828,0.49179,0.62082,0.32468,0.58772,0.60938,0.39259,0.50327,0.40001,0.34999,0.45454,0.81774,0.16319,0.98429,0.23675,0.36422,0.0044961,0.46782,0.089587,0,0
0.25518,0.053714,0.26619,0.24892,0.24816,0.23418,0.051608,0.22497,0.22781,0.25034,0.65893,0.56866,0.5671,0.68421,0.73438,0.51362,0.34485,0.5,0.55,0.54547,0.89708,0.12261,0.97447,0.20755,0.23845,0.0044961,0.46792,0.057621,0,0
0.30448,0.14909,0.27992,0.30237,0.33242,0.27023,0.14469,0.22316,0.25888,0.32788,0.50529,0.60487,0.44589,0.50877,0.60938,0.40641,0.23579,0.44999,0.4,0.38636,0.91424,0.10599,0.98331,0.15095,0.21902,0.0029974,0.46769,0.052644,0,0
0.28767,0.16456,0.26198,0.25618,0.31607,0.23918,0.06836,0.22118,0.23598,0.25179,0.71082,0.52263,0.671,0.84211,0.71875,0.5309,0.39299,0.5,0.49999,0.61365,0.8467,0.34212,0.98035,0.32909,0.31663,0.0059948,0.46756,0.077587,0,0
0.35919,0.26068,0.35311,0.3532,0.38956,0.29344,0.14809,0.26952,0.31325,0.3377,0.5042,0.73088,0.28573,0.73684,0.625,0.41235,0.4554,0.35,0.49999,0.45454,0.81667,0.36474,0.99902,0.31896,0.39797,0.0059948,0.46748,0.098044,0,0
0.21128,0.18065,0.19801,0.22408,0.23105,0.16898,0.12207,0.14212,0.20261,0.20352,0.54001,0.54383,0.68831,0.63158,0.53125,0.58278,0.69082,0.59998,0.60001,0.54547,0.89172,0.42128,0.69652,0.47149,0.19507,0.0044961,0.46744,0.047312,0,0
0.26768,0.24837,0.21394,0.27023,0.32181,0.3207,0,0.326,0.32379,0.32149,0.44358,0.25637,0.42858,0.36842,0.4375,0.35801,0.12427,0.40001,0.30001,0.34092,0.82739,0.42128,0.71027,0.46315,0.08364,0,0.46721,0.019523,0,0
0.28687,0.22941,0.25585,0.33008,0.3207,0.24613,0.22079,0.16908,0.30795,0.31583,0.64415,0.80628,0.46321,0.85965,0.73438,0.55165,0.75184,0.52499,0.7,0.63637,0.86385,0.38204,0.66607,0.42562,0.19847,0.0029974,0.46752,0.049664,0,0
0.36737,0.27753,0.31837,0.37579,0.42535,0.31684,0.24265,0.24047,0.33496,0.38526,0.59786,0.64376,0.46321,0.61404,0.70313,0.47164,0.49487,0.35,0.49999,0.5909,0.79952,0.34412,0.99018,0.34161,0.39779,0.0059948,0.46762,0.099089,0,0
0.2463,0.089419,0.23647,0.25107,0.2617,0.21099,0.063845,0.19437,0.20615,0.23696,0.64801,0.69504,0.64502,0.77193,0.65625,0.65538,0.78206,0.55,0.79999,0.75002,0.88528,0.36673,0.70929,0.43158,0.17221,0.0029974,0.46732,0.04337,0,0
0.27164,0.1287,0.25579,0.27416,0.29214,0.20642,0,0.21261,0.21003,0.20734,0.68144,0.36319,0.58874,0.75439,0.64062,0.66923,0.24855,0.64999,0.7,0.63637,0.8617,0.39269,0.73876,0.43575,0.086403,0,0.46726,0.020279,0,0
0.28346,0.22697,0.23009,0.27898,0.32535,0.22286,0.11342,0.18417,0.22148,0.2688,0.64287,0.74657,0.72295,0.66667,0.65625,0.65193,0.76301,0.79999,0.75001,0.72727,0.88958,0.37672,0.67393,0.44289,0.23155,0.0044961,0.46741,0.062141,0,0
0.24217,0.23961,0.18179,0.21843,0.28657,0.21311,0.21894,0.14489,0.18068,0.28885,0.63,0.31716,0.65368,0.59649,0.51562,0.75569,0.4797,0.79999,0.75001,0.8182,0.92924,0.42328,0.72107,0.46614,0.20724,0.0044961,0.4675,0.052527,0,0
0.17806,0.11213,0.16646,0.19227,0.19159,0.15017,0.081627,0.12889,0.16649,0.1854,0.6695,0.41958,0.77489,0.7193,0.60938,0.70876,0.53761,0.7,0.7,0.72727,0.88849,0.41929,0.6867,0.44588,0.19839,0.0059948,0.46761,0.048585,0,0
0.22274,0.094529,0.20867,0.21664,0.23505,0.20916,0.078705,0.17606,0.22329,0.23486,0.76317,0.62938,0.8961,0.84211,0.71875,0.78286,0.56755,0.79999,0.79999,0.8182,0.91208,0.30953,0.69358,0.37915,0.23131,0.0059948,0.46743,0.060444,0,0
0.21395,0.085984,0.22125,0.2217,0.22683,0.18988,0.074533,0.17294,0.2028,0.21425,0.71358,0.63447,0.86147,0.80702,0.6875,0.70381,0.61888,0.79999,0.75001,0.72727,0.86385,0.17983,0.68866,0.28619,0.19,0.0044961,0.46715,0.047705,0,0
0.19253,0.24024,0.14329,0.1662,0.21937,0.14577,0.10638,0.11292,0.13664,0.18339,0.88501,0.74086,0.77489,1.0351,0.89063,0.80754,0.79084,0.82498,0.90001,0.9091,0.89386,0.14856,0.67099,0.22482,0.23618,0.0089921,0.4675,0.073183,0,0
0.099525,0.14552,0.05775,0.11557,0.12664,0.086284,0.13124,0.042009,0.07535,0.13908,0.74894,0.37767,0.84416,0.78947,0.67188,0.73839,0.54454,0.7,0.7,0.8182,0.77809,0.15654,0.66313,0.23019,0.089678,0.0044961,0.46716,0.021847,0,0
0.25432,0.14945,0.24391,0.23486,0.2461,0.23305,0.13257,0.20451,0.21234,0.25206,0.80174,0.4927,0.76191,0.91228,0.78125,0.76802,0.34516,0.67498,0.79999,0.72727,0.87671,0.16852,0.64545,0.28143,0.27057,0.0059948,0.46731,0.068391,0,0
0.34711,0.24355,0.30829,0.32802,0.38731,0.26721,0.07615,0.24457,0.29185,0.29126,0.76758,0.98055,0.54545,1.0175,0.875,0.6139,0.82526,0.59998,0.7,0.72727,0.88207,0.1858,0.66019,0.26952,0.24078,0.0029974,0.46744,0.061387,0,0
0.28498,0.14535,0.26213,0.31508,0.3051,0.24045,0.13856,0.19634,0.2439,0.29169,0.78108,0.55505,0.671,0.87719,0.75,0.71246,0.3676,0.64999,0.64999,0.72727,0.83597,0.3195,0.69456,0.39762,0.13687,0.0014987,0.46708,0.035632,0,0
0.24152,0.10622,0.23387,0.22541,0.25946,0.22975,0.11831,0.19304,0.23326,0.27365,0.69429,0.74006,0.54979,0.84211,0.71875,0.68651,0.51239,0.59998,0.75001,0.72727,0.85955,0.36142,0.73286,0.44111,0.12318,0.0018734,0.46681,0.033255,1,0
0.2664,0.090216,0.26194,0.26039,0.27686,0.25377,0.072025,0.23497,0.24409,0.28271,0.77915,0.42642,0.66234,0.87719,0.75,0.71763,0.49084,0.7,0.7,0.75002,0.87993,0.3368,0.68866,0.39285,0.18929,0.0029974,0.46745,0.046111,0,0
0.24177,0.048213,0.25202,0.23319,0.24205,0.22749,0.043951,0.21765,0.23101,0.24436,0.67501,0.37003,0.61905,0.73684,0.625,0.63466,0.3044,0.59998,0.64999,0.63637,0.85955,0.32549,0.70634,0.3565,0.12489,0.0014987,0.46761,0.029997,0,0
0.20313,0.088034,0.19704,0.1942,0.21836,0.16499,0.019978,0.16428,0.16879,0.17322,0.71839,0.59388,0.54113,0.7807,0.76562,0.63466,0.46499,0.55,0.64999,0.68183,0.81988,0.33148,0.68768,0.39582,0.11554,0.0018734,0.46716,0.027746,0,0
0.21084,0.095198,0.20242,0.21954,0.22531,0.21059,0.04838,0.19914,0.20909,0.2305,0.63258,0.79036,0.40694,0.85965,0.73438,0.57241,0.62012,0.425,0.7,0.65909,0.85205,0.33348,0.68278,0.36902,0.1521,0.0029974,0.46758,0.036603,0,0
0.3442,0.32731,0.27938,0.30835,0.31766,0.31941,0.2937,0.23579,0.27387,0.36112,0.75491,0.72775,0.58008,0.77193,0.86719,0.57537,0.49487,0.55,0.60001,0.61365,0.81346,0.13592,0.97839,0.18789,0.35762,0.0056201,0.46773,0.087171,0,0
0.27315,0.3355,0.1963,0.28066,0.33672,0.24701,0.29077,0.12481,0.25194,0.35809,0.44117,0.51479,0.35931,0.50877,0.50781,0.45309,0.4982,0.29999,0.49999,0.54547,0.83812,0.19246,0.99607,0.24688,0.35064,0.0074934,0.46776,0.086,0,0
0.3254,0.18092,0.30562,0.35524,0.34894,0.28322,0.17362,0.22189,0.32113,0.34273,0.40886,0.69444,0.2078,0.54386,0.50781,0.30268,0.41404,0.25001,0.30001,0.38636,0.85312,0.22572,0.93518,0.25879,0.23145,0.0029974,0.4677,0.056639,0,0
0.43475,0.13358,0.4307,0.41296,0.44895,0.41074,0.13762,0.36564,0.41342,0.46146,0.46286,0.54383,0.35931,0.45614,0.51562,0.40124,0.44374,0.29999,0.34999,0.5,0.87027,0.26896,0.94696,0.31599,0.22703,0.0014987,0.4678,0.054894,0,0
0.25479,0.2482,0.2135,0.21428,0.29801,0.25322,0.22707,0.1905,0.19273,0.33912,0.84472,0.59575,0.82684,0.92982,0.79688,0.84212,0.5048,0.79999,0.90001,0.84092,0.84884,0.22106,0.67688,0.30883,0.17606,0.0029974,0.46726,0.0428,0,0
0.25271,0.059346,0.25758,0.2553,0.25503,0.21085,0,0.217,0.21443,0.21176,0.63644,0.89728,0.36797,0.85965,0.73438,0.56547,0.62137,0.425,0.7,0.63637,0.81988,0.26163,0.70143,0.31361,0.081821,0,0.46733,0.019367,0,0
0.23269,0.03918,0.24272,0.23536,0.23061,0.2257,0,0.23173,0.22922,0.22659,0.59786,0.7691,0.37663,0.78947,0.67188,0.5309,0.5695,0.40001,0.60001,0.61365,0.82418,0.24901,0.7034,0.30586,0.086966,0.00037467,0.46729,0.020381,0,0
0.36874,0.11971,0.35859,0.37678,0.38195,0.36123,0.065435,0.34258,0.36413,0.38575,0.67501,0.92484,0.39394,0.79825,0.82812,0.55685,0.90256,0.40001,0.7,0.68183,0.83704,0.20178,0.65429,0.28976,0.19161,0.0014987,0.46732,0.046413,0,0
0.0658,0.21479,0.018416,0.02676,0.12605,0.0067299,0.011167,0.010442,0.011245,0.011936,0.77144,0,0.79221,0.73684,0.625,0.76431,0.20608,0.74998,0.75001,0.72727,0.76522,0.30155,0.68964,0.34221,0.024744,0.0014987,0.46676,0.0058915,1,0
0.14534,0.21487,0.11691,0.1272,0.18974,0.10273,0.11211,0.081481,0.10478,0.13765,0.44358,0.69225,0.35931,0.29825,0.5625,0.36788,0.581,0.29999,0.4,0.5,0.83704,0.21307,0.67786,0.29096,0.1519,0.0059948,0.4673,0.040032,0,0
0.32227,0.29804,0.26049,0.29249,0.38304,0.2356,0.086118,0.20811,0.24403,0.2689,0.63644,0.74468,0.63204,0.77193,0.65625,0.63466,0.9258,0.44999,0.79999,0.77273,0.881,0.21773,0.65527,0.29632,0.24595,0.003372,0.46745,0.060731,0,0
0.30482,0.33102,0.22725,0.30723,0.37974,0.38022,0,0.38505,0.38303,0.38093,0.7393,0.36319,0.6407,0.80702,0.6875,0.66923,0.24855,0.64999,0.7,0.63637,0.79845,0.15387,0.67393,0.21708,0.093358,0,0.46738,0.022337,0,0
0.13047,0.16464,0.10887,0.13016,0.14021,0.1198,0.1466,0.076927,0.12928,0.15516,0.65296,0.77629,0.41126,0.87719,0.75,0.50127,0.66596,0.37499,0.60001,0.63637,0.84133,0.21109,0.68278,0.27548,0.14253,0.0059948,0.46742,0.034387,0,0
0.21461,0.052948,0.21927,0.22113,0.21745,0.18742,0.035075,0.18011,0.19647,0.20074,0.71358,0.6334,0.55412,0.87719,0.75,0.63466,0.5695,0.52499,0.7,0.68183,0.75664,0.20709,0.5934,0.25938,0.15601,0.0029974,0.46755,0.03734,0,0
0.29354,0.19931,0.28942,0.28154,0.271,0.26827,0.18107,0.22049,0.25121,0.30791,0.68328,0.71937,0.48052,0.63158,0.76562,0.56056,0.46022,0.44999,0.60001,0.61365,0.77379,0.13991,0.90964,0.19443,0.30664,0.0056201,0.46775,0.075191,0,0
0.27645,0.13698,0.26172,0.27442,0.29592,0.25349,0.13255,0.20965,0.24964,0.30615,0.46672,0.77283,0.25109,0.63158,0.57813,0.38568,0.47159,0.32501,0.49999,0.45454,0.82418,0.15854,0.88607,0.19742,0.19573,0.0029974,0.46769,0.047647,0,0
0.22328,0.17227,0.18985,0.2072,0.22728,0.20879,0.14459,0.15402,0.1965,0.22828,0.55929,0.67769,0.46321,0.54386,0.71875,0.45309,0.56071,0.40001,0.49999,0.54547,0.83276,0.14323,0.95482,0.18252,0.29207,0.0074934,0.46768,0.070695,0,0
0.29295,0.30673,0.30793,0.29643,0.33914,0.27119,0.25035,0.25035,0.27318,0.35389,0.68203,0.44993,0.63637,0.61404,0.70313,0.56862,0.2596,0.59998,0.49999,0.54547,0.8692,0.20178,0.94402,0.29036,0.23664,0.43162,0.468,0.21865,0,0
0.15309,0.11962,0.12314,0.14255,0.19128,0.12399,0.079713,0.10024,0.11577,0.15578,0.67501,0.43279,0.68831,0.64912,0.71875,0.65193,0.49864,0.59998,0.7,0.72727,0.92066,0.33015,0.76625,0.39345,0.13352,0.0044961,0.46726,0.033663,0,0
0.21006,0.068723,0.20927,0.20697,0.21914,0.17548,0.026153,0.17246,0.17923,0.18594,0.73287,0.59205,0.61905,0.84211,0.71875,0.81619,0.68914,0.7,0.90001,0.86363,0.8735,0.28958,0.72893,0.33326,0.1118,0.0014987,0.4675,0.026417,0,0
0.2865,0.10177,0.28002,0.28897,0.29858,0.23119,0,0.23718,0.23468,0.23207,0.73287,0.7691,0.49784,0.91228,0.78125,0.56547,0.5417,0.44999,0.49999,0.65909,0.82525,0.28824,0.69162,0.34459,0.10766,0.00037467,0.46732,0.025528,0,0
0.33251,0.054174,0.34242,0.34215,0.32793,0.29468,0.052585,0.28118,0.29789,0.3146,0.45805,0.81484,0.21213,0.55263,0.64062,0.34936,0.47728,0.29999,0.4,0.4091,0.26029,0.33148,0.12984,0.33148,0.17111,0.0014987,0.46786,0.041995,0,0
0.25786,0.12188,0.24336,0.26044,0.27731,0.27437,0,0.28003,0.27767,0.27521,0.55929,0.70501,0.36365,0.73684,0.625,0.49632,0.5417,0.37499,0.49999,0.5909,0.84777,0.29889,0.72009,0.35472,0.096824,0.00037467,0.46727,0.022788,0,0
0.261,0.13083,0.24371,0.25172,0.28569,0.2461,0.14629,0.19915,0.24953,0.30015,0.51591,0.78518,0.29871,0.63158,0.65625,0.55685,0.7736,0.40001,0.64999,0.68183,0.84026,0.2949,0.69456,0.36544,0.13344,0.0014987,0.46722,0.03209,0,0
0.2811,0.0076027,0.30392,0.28359,0.26722,0.25533,0,0.26114,0.25872,0.25619,0.65572,0.44862,0.53681,0.75439,0.64062,0.5309,0.37282,0.5,0.4,0.56819,0.79094,0.26829,0.67295,0.34459,0.1056,0.00037467,0.46696,0.025011,0,0
0.13779,0.15529,0.11153,0.16029,0.1581,0.13463,0.11253,0.10975,0.14655,0.15686,0.6571,0.57426,0.63637,0.60526,0.76562,0.59018,0.47546,0.59998,0.60001,0.63637,0.91638,0.24368,0.63662,0.34042,0.33272,0.015736,0.46743,0.082107,0,0
0.14577,0.18992,0.091927,0.14857,0.2054,0.13401,0.15833,0.072423,0.14479,0.2111,0.68465,0.54942,0.75758,0.7193,0.625,0.61735,0.4665,0.64999,0.7,0.63637,0.90351,0.31153,0.64644,0.37616,0.28956,0.012739,0.46751,0.074209,0,0
0.16774,0.1547,0.13406,0.15275,0.22021,0.13782,0.11158,0.10242,0.13339,0.14972,0.61956,0.56203,0.671,0.7193,0.60938,0.58278,0.6406,0.59998,0.7,0.63637,0.88207,0.26629,0.6759,0.33505,0.21401,0.0071188,0.46745,0.051744,0,0
0.14348,0.16238,0.097393,0.18553,0.1848,0.15523,0.099214,0.13025,0.17926,0.18797,0.72322,0.72804,0.68831,0.87719,0.75,0.60008,0.60372,0.7,0.7,0.63637,0.85312,0.18515,0.69358,0.22899,0.13549,0.0044961,0.46763,0.032598,0,0
0.14441,0.2073,0.11361,0.12808,0.16207,0.14082,0.17356,0.10594,0.12451,0.16616,0.76929,0.76762,0.62771,0.94737,0.8125,0.65769,0.71206,0.625,0.7,0.8182,0.85098,0.14523,0.65429,0.23078,0.20561,0.0086175,0.46741,0.049917,0,0
0.1713,0.13801,0.16184,0.19031,0.19299,0.14375,0.10906,0.11851,0.15872,0.18738,0.73287,0.72887,0.69697,0.87719,0.75,0.59018,0.55378,0.625,0.7,0.63637,0.8735,0.14922,0.6759,0.20159,0.19338,0.0059948,0.46762,0.046651,0,0
0.29144,0.17356,0.25893,0.2683,0.32372,0.25444,0.14946,0.21446,0.244,0.2782,0.59236,0.60111,0.44589,0.77193,0.65625,0.54574,0.51881,0.44999,0.60001,0.61365,0.75343,0.14922,0.89,0.18609,0.30456,0.0056201,0.46768,0.074369,0,0
0.26674,0.077655,0.26227,0.26598,0.27721,0.25471,0.054803,0.23919,0.26624,0.275,0.67501,0.4562,0.59741,0.63158,0.71875,0.65538,0.35369,0.57499,0.7,0.65909,0.87457,0.19179,0.69456,0.29156,0.19095,0.0029974,0.46721,0.046349,0,0
0.26308,0.11554,0.25228,0.27037,0.28406,0.22788,0.081312,0.20823,0.22882,0.26157,0.5648,0.46005,0.58442,0.52632,0.60938,0.51608,0.47205,0.35,0.60001,0.61365,0.82204,0.15387,0.93714,0.20219,0.27988,0.0056201,0.46773,0.06843,0,0
0.25164,0.076568,0.24829,0.26187,0.26124,0.22024,0.06331,0.2017,0.22815,0.24484,0.44358,0.61697,0.29005,0.54386,0.50781,0.38568,0.39102,0.35,0.4,0.4091,0.84991,0.1479,0.89982,0.19802,0.1807,0.0029974,0.46776,0.0438,0,0
0.26848,0.10871,0.25354,0.2629,0.288,0.25529,0.078538,0.22677,0.26205,0.27843,0.4701,0.63323,0.38529,0.47368,0.625,0.40124,0.56071,0.25001,0.4,0.54547,0.82525,0.16119,0.98527,0.19086,0.35143,0.0074934,0.46766,0.086287,0,0
0.17831,0.2509,0.071559,0.22622,0.2269,0.17662,0.17954,0.074503,0.21575,0.21886,0.52233,0.44528,0.55844,0.61404,0.51562,0.5309,0.45891,0.5,0.49999,0.5909,0.81988,0.16718,0.98625,0.17716,0.36325,0.013114,0.46759,0.088911,0,0
0.26513,0.12982,0.25125,0.24579,0.2992,0.2298,0.090726,0.20683,0.21706,0.26642,0.62198,0.5583,0.52381,0.68421,0.6875,0.5309,0.36384,0.5,0.55,0.54547,0.82954,0.21175,0.98625,0.22006,0.34881,0.0074934,0.4676,0.085222,0,0
0.21744,0.42071,0.053657,0.29635,0.33949,0.22663,0.32264,0.043541,0.29324,0.34386,0.46768,0.47624,0.32468,0.61404,0.51562,0.45309,0.39439,0.35,0.45001,0.5,0.90458,0.22705,0.98919,0.20456,0.25692,0.0086175,0.4674,0.07017,0,0
0.31115,0.34382,0.26149,0.26256,0.31827,0.2204,0.044378,0.20692,0.22394,0.24098,0.59786,0.39715,0.42858,0.57895,0.67188,0.47905,0.32644,0.5,0.45001,0.54547,0.85741,0.22505,0.96661,0.26236,0.27504,0.0044961,0.46771,0.067045,0,0
0.25749,0.08487,0.25669,0.24741,0.26478,0.2358,0.084315,0.21373,0.22172,0.26932,0.65187,0.3475,0.66666,0.70175,0.59375,0.73839,0.40269,0.72499,0.7,0.75002,0.89493,0.25099,0.71125,0.32492,0.18048,0.0029974,0.46737,0.044516,0,0
0.18047,0.10866,0.16195,0.19291,0.20415,0.15504,0.095807,0.12468,0.1612,0.19265,0.70972,0.43024,0.71429,0.77193,0.65625,0.71763,0.49084,0.7,0.7,0.75002,0.84454,0.22438,0.6975,0.30466,0.13666,0.003372,0.4672,0.033603,0,0
0.21497,0.07063,0.21406,0.2177,0.22273,0.17516,0,0.18159,0.17891,0.17611,0.67501,0.64092,0.48918,0.82456,0.70313,0.56547,0.44808,0.47501,0.60001,0.61365,0.82954,0.25366,0.71027,0.30288,0.07976,0.00037467,0.46739,0.018685,0,0
0.2058,0.16603,0.16906,0.2024,0.24541,0.159,0.096611,0.13026,0.15327,0.19789,0.60558,0.83793,0.39394,0.73684,0.70704,0.55165,0.78206,0.44999,0.7,0.65909,0.8156,0.25965,0.68964,0.33625,0.11221,0.003372,0.46704,0.038449,0,0
0.10153,0.1866,0.049681,0.083157,0.145,0.093354,0.16129,0.031818,0.071478,0.15174,0.87839,0.44966,0.82684,0.96491,0.82812,0.74782,0.40217,0.79999,0.79999,0.72727,0.84026,0.24435,0.65135,0.31301,0.19211,0.011615,0.46744,0.04736,0,0
0.1987,0.26495,0.14191,0.16258,0.29696,0.15173,0.17488,0.1063,0.13703,0.18664,0.7301,0.66961,0.67533,0.89474,0.76562,0.69391,0.66757,0.72499,0.7,0.79545,0.8467,0.23703,0.6484,0.30526,0.20502,0.0056201,0.46746,0.050942,0,0
0.1672,0.18657,0.1225,0.15874,0.18539,0.1293,0.091496,0.094897,0.1301,0.15141,0.8293,0.5504,0.81385,0.80702,0.875,0.7499,0.36409,0.74998,0.7,0.75002,0.881,0.247,0.6592,0.32731,0.24217,0.0086175,0.46742,0.060026,0,0
0.17592,0.21156,0.12688,0.15275,0.21476,0.13303,0.10187,0.089153,0.13713,0.15408,0.77867,0.48364,0.76624,0.73684,0.75,0.76431,0.51131,0.79999,0.75001,0.77273,0.88742,0.22106,0.67786,0.30645,0.22433,0.0071188,0.46738,0.054238,0,0
0.20035,0.20574,0.1511,0.18646,0.23526,0.16066,0.12154,0.1163,0.16909,0.20608,0.83573,0.77265,0.76624,0.77193,0.98438,0.73839,0.72194,0.74998,0.79999,0.8182,0.87134,0.16451,0.62581,0.27189,0.28847,0.0089921,0.46737,0.074777,0,0
0.43179,0.17474,0.40675,0.41717,0.45902,0.40906,0.16526,0.34988,0.41629,0.47282,0.77144,0.53876,0.59308,0.91228,0.78125,0.55165,0.31926,0.55,0.49999,0.56819,0.84563,0.12528,0.97741,0.17239,0.30919,0.0029974,0.46771,0.075225,0,0
0.50541,0.30051,0.45866,0.53179,0.55124,0.41947,0.22613,0.34026,0.4874,0.48804,0.66344,0.4589,0.51948,0.78947,0.67188,0.44792,0.35369,0.37499,0.49999,0.47729,0.80166,0.17849,0.97151,0.21946,0.36354,0.0029974,0.46771,0.089183,0,0
0.30661,0.12619,0.29667,0.31308,0.32667,0.26296,0.087645,0.23658,0.27491,0.29616,0.64608,0.50993,0.49784,0.66667,0.73438,0.51362,0.43937,0.5,0.45001,0.54547,0.81024,0.17184,0.91651,0.20815,0.2641,0.0041214,0.46768,0.064527,0,0
0.087509,0.24016,0.015793,0.037725,0.1362,0.076375,0.19746,0.012848,0.022777,0.11455,0.70343,0.37216,0.80953,0.75439,0.64062,0.58004,0.33167,0.59998,0.49999,0.54547,0.84563,0.17317,0.97741,0.18073,0.31283,0.02885,0.46757,0.076153,0,0
0.28372,0.1605,0.26406,0.27303,0.27713,0.25565,0.13904,0.21634,0.24035,0.25878,0.47251,0.73263,0.35065,0.59649,0.60938,0.45309,0.60609,0.35,0.49999,0.5909,0.8349,0.20443,0.99607,0.24329,0.35424,0.0071188,0.46771,0.087375,0,0
0.29185,0.19262,0.25922,0.26519,0.34428,0.2701,0.17052,0.22001,0.27683,0.34012,0.49903,0.68672,0.41126,0.61404,0.60938,0.44014,0.58029,0.40001,0.45001,0.5,0.83169,0.2377,0.99214,0.31361,0.35919,0.0071188,0.46786,0.088785,0,0
0.13053,0.21181,0.084141,0.12012,0.17443,0.096736,0.11809,0.05486,0.094643,0.15215,0.75022,0.58933,0.671,0.80702,0.6875,0.67614,0.44461,0.79999,0.7,0.63637,0.90565,0.25898,0.68278,0.30526,0.22978,0.010491,0.4676,0.056386,0,0
0.22156,0.3643,0.14025,0.19155,0.30053,0.12909,0.12748,0.086164,0.14874,0.17621,0.64801,0.71398,0.50217,0.64912,0.78125,0.59314,0.69082,0.55,0.7,0.65909,0.91424,0.27628,0.73384,0.28798,0.16186,0.0029974,0.46782,0.038927,0,0
0.12957,0.14587,0.099631,0.12038,0.17938,0.12703,0.12587,0.09262,0.11613,0.1867,0.74114,0.49406,0.77489,0.7193,0.75,0.70876,0.36685,0.79999,0.7,0.70455,0.88314,0.20909,0.71223,0.25402,0.1499,0.0059948,0.46761,0.03582,0,0
0.13392,0.1636,0.084634,0.13766,0.17906,0.12878,0.13309,0.07389,0.12495,0.1802,0.62159,0.60937,0.58008,0.80702,0.6875,0.58676,0.48622,0.64999,0.60001,0.63637,0.94211,0.28093,0.72304,0.32135,0.2184,0.014612,0.46762,0.07575,0,0
0.14099,0.18859,0.099254,0.13614,0.20875,0.11914,0.14982,0.078154,0.11141,0.15789,0.77494,0.58992,0.61473,0.91228,0.78125,0.69124,0.43439,0.79999,0.7,0.70455,0.95603,0.23436,0.70929,0.30049,0.26466,0.011615,0.46753,0.065344,0,0
0.2014,0.060015,0.20242,0.20101,0.20833,0.17145,0.031875,0.1664,0.17522,0.184,0.62198,0.6601,0.47187,0.64912,0.67188,0.66058,0.44374,0.55,0.64999,0.72727,0.82847,0.21441,0.69554,0.28918,0.11406,0.0018734,0.46718,0.027497,0,0
0.27255,0.2954,0.21536,0.25281,0.32969,0.19003,0.10839,0.15607,0.22437,0.22382,0.61715,0.84947,0.38961,0.85965,0.73438,0.57241,0.86904,0.37499,0.7,0.75002,0.88421,0.25233,0.6867,0.31361,0.19688,0.0029974,0.46749,0.048182,0,0
0.16982,0.093624,0.1591,0.16507,0.18083,0.13957,0.034383,0.13198,0.14508,0.15497,0.55608,0.52873,0.49784,0.68421,0.57813,0.65193,0.59987,0.59998,0.75001,0.72727,0.84884,0.22837,0.68376,0.29692,0.15439,0.0044961,0.46739,0.037256,0,0
0.26165,0.35679,0.17428,0.22727,0.35437,0.15227,0.10306,0.12166,0.15613,0.19071,0.54965,0.66298,0.41126,0.61404,0.60938,0.55685,0.61826,0.44999,0.64999,0.63637,0.8617,0.23037,0.7034,0.28441,0.13598,0.0014987,0.46749,0.033338,0,0
0.20244,0.17858,0.1859,0.22008,0.24505,0.18382,0.16325,0.13499,0.21857,0.24031,0.70715,0.70779,0.54979,0.87719,0.75,0.68651,0.54027,0.59998,0.79999,0.72727,0.85527,0.26297,0.67295,0.31956,0.17593,0.0044961,0.46749,0.044743,0,0
0.19613,0.1859,0.15598,0.19516,0.22084,0.15725,0.10255,0.11967,0.15594,0.20285,0.72858,0.63388,0.7316,0.73684,0.8125,0.71533,0.65265,0.72499,0.79999,0.75002,0.93139,0.18713,0.67491,0.27488,0.28884,0.0086175,0.46746,0.070194,0,0
0.19133,0.19256,0.12741,0.2187,0.21578,0.16736,0.16092,0.092366,0.16877,0.20711,0.86063,0.72751,0.71429,0.95614,0.92188,0.75137,0.48045,0.79999,0.79999,0.72727,0.86063,0.17716,0.66019,0.29215,0.23127,0.0074934,0.4672,0.060614,0,0
0.20102,0.16863,0.15765,0.21587,0.22432,0.18057,0.14343,0.11368,0.18891,0.22683,0.78832,0.59418,0.75758,0.89474,0.76562,0.75137,0.52014,0.74998,0.75001,0.77273,0.87027,0.21109,0.65036,0.30883,0.24819,0.0074934,0.46734,0.063983,0,0
0.22255,0.17899,0.17075,0.25093,0.26722,0.18864,0.13547,0.13336,0.20607,0.25217,0.68328,0.79761,0.48486,0.91228,0.78125,0.59018,0.71232,0.55,0.60001,0.70455,0.84347,0.16253,0.62974,0.26952,0.24511,0.0059948,0.46731,0.060289,0,0
0.42436,0.11648,0.42767,0.41351,0.43585,0.39191,0.11194,0.35282,0.40306,0.43675,0.70715,0.57165,0.54979,0.78947,0.67188,0.44447,0.34485,0.40001,0.4,0.54547,0.78666,0.17716,0.97447,0.22245,0.39009,0.0044961,0.46772,0.095074,0,0
0.34374,0.21413,0.35136,0.36153,0.39232,0.3175,0.19139,0.27104,0.37098,0.38217,0.55929,0.67559,0.49784,0.66667,0.5625,0.42717,0.48131,0.40001,0.49999,0.45454,0.77379,0.18248,0.99607,0.23138,0.44312,0.0074934,0.46773,0.10952,0,0
0.26219,0.28622,0.28021,0.27933,0.31656,0.23601,0.25286,0.23218,0.27577,0.31726,0.53277,0.6112,0.30736,0.64912,0.54688,0.42717,0.44561,0.35,0.4,0.5,0.84026,0.14191,0.99508,0.1998,0.34576,0.0074934,0.46776,0.083764,0,0
0.33934,0.24211,0.28581,0.34405,0.39265,0.26923,0.15683,0.21513,0.27054,0.33079,0.54772,0.55046,0.4026,0.63158,0.57813,0.51017,0.41404,0.44999,0.49999,0.56819,0.89279,0.13725,0.97447,0.21052,0.24087,0.0029974,0.46786,0.058418,0,0
0.16315,0.15524,0.14094,0.12955,0.19885,0.11033,0.0093128,0.1139,0.11437,0.11474,0.69429,0.71688,0.49784,0.79825,0.76562,0.73839,0.46499,0.64999,0.75001,0.77273,0.83597,0.27228,0.71813,0.32432,0.079752,0.0014987,0.4673,0.019035,0,0
0.25799,0.26812,0.22027,0.21776,0.27544,0.18715,0.043255,0.18049,0.19827,0.20117,0.72001,0.33235,0.80953,0.75439,0.64062,0.66923,0.26068,0.7,0.7,0.63637,0.94104,0.28093,0.70929,0.30228,0.23785,0.0044961,0.46773,0.058559,0,0
0.23227,0.21743,0.18317,0.24973,0.26141,0.20782,0.20014,0.13534,0.19506,0.28793,0.54965,0.58776,0.58442,0.62281,0.60938,0.5482,0.39495,0.5,0.60001,0.54547,0.87671,0.23968,0.68866,0.32314,0.19408,0.0041214,0.46733,0.047526,0,0
0.25315,0.12689,0.23932,0.27036,0.27203,0.22966,0.12703,0.18718,0.2622,0.27209,0.76758,0.67849,0.75324,0.87719,0.75,0.67614,0.54027,0.67498,0.7,0.72727,0.8617,0.20577,0.68474,0.26116,0.16448,0.0026227,0.46754,0.040864,0,0
0.25868,0.32661,0.16371,0.22922,0.29197,0.18587,0.11852,0.13599,0.18663,0.23527,0.70807,0.65211,0.64502,0.66667,0.79688,0.66429,0.49264,0.625,0.7,0.70455,0.93888,0.16652,0.6867,0.25223,0.27964,0.0059948,0.46747,0.070437,0,0
0.13367,0.12736,0.10748,0.14571,0.15933,0.10395,0.075773,0.080482,0.11536,0.13564,0.7393,0.83094,0.61905,0.86842,0.84375,0.60008,0.64813,0.59998,0.64999,0.72727,0.84991,0.18647,0.69947,0.22185,0.12117,0.0044961,0.46771,0.028969,0,0
0.12969,0.13556,0.12685,0.13436,0.13696,0.11851,0.12151,0.090448,0.12645,0.15241,0.77144,0.48951,0.87879,0.82456,0.70313,0.69391,0.44561,0.79999,0.7,0.70455,0.88207,0.14723,0.71617,0.1855,0.14141,0.0059948,0.46772,0.034358,0,0
0.2338,0.067021,0.23276,0.23008,0.24152,0.2207,0.061244,0.20321,0.22521,0.24508,0.65187,0.90276,0.31602,0.92982,0.79688,0.5309,0.84741,0.44999,0.49999,0.63637,0.84563,0.15322,0.67393,0.23912,0.17004,0.0029974,0.46733,0.040796,0,0
0.21565,0.19779,0.15318,0.24764,0.25538,0.1891,0.17457,0.12199,0.1808,0.26398,0.85179,0.75161,0.80953,0.87719,0.95313,0.72108,0.56813,0.7,0.75001,0.8182,0.85205,0.18381,0.65723,0.27368,0.2073,0.0048707,0.46735,0.051127,0,0
0.44037,0.32509,0.37827,0.41754,0.50038,0.34004,0.11782,0.29945,0.36296,0.38184,0.67501,0.49507,0.53247,0.73684,0.66797,0.48941,0.32644,0.52499,0.49999,0.47729,0.75771,0.1878,0.91357,0.19921,0.33789,0.003372,0.4676,0.083327,0,0
0.18823,0.32437,0.055672,0.23876,0.27973,0.18786,0.23486,0.11378,0.22185,0.27562,0.52555,0.67739,0.29871,0.66667,0.57813,0.39259,0.5299,0.25001,0.4,0.45454,0.74271,0.1725,0.92437,0.24092,0.37723,0.014238,0.4678,0.093334,0,0
0.38254,0.27368,0.33738,0.34322,0.42785,0.30652,0.12486,0.26662,0.30212,0.35293,0.61394,0.41233,0.42858,0.64912,0.54688,0.47905,0.40269,0.40001,0.4,0.45454,0.77379,0.18248,0.93714,0.2135,0.34968,0.0044961,0.46767,0.085917,0,0
0.34553,0.15607,0.32231,0.33008,0.37192,0.33527,0.12152,0.29481,0.33232,0.38346,0.64029,0.56203,0.52813,0.54386,0.75,0.46865,0.28878,0.40001,0.49999,0.47729,0.84884,0.15787,0.94205,0.19385,0.24863,0.0029974,0.46767,0.059866,0,0
0.37937,0.19763,0.34115,0.37913,0.41877,0.37683,0.14259,0.32647,0.38562,0.43165,0.50915,0.59471,0.38095,0.59649,0.55079,0.46865,0.36018,0.44999,0.4,0.54547,0.88314,0.19246,0.98821,0.21291,0.27297,0.0029974,0.46762,0.06583,0,0
0.43333,0.35031,0.36257,0.37355,0.51737,0.37955,0.31191,0.28712,0.33067,0.47818,0.65251,0.39537,0.63637,0.67544,0.65625,0.49632,0.40077,0.40001,0.49999,0.54547,0.79202,0.25631,0.97545,0.25699,0.38638,0.0044961,0.4676,0.095332,0,0
0.22791,0.26715,0.17633,0.20968,0.26918,0.20145,0.24265,0.13235,0.17051,0.27823,0.75215,0.45318,0.86147,0.80702,0.6875,0.80754,0.52135,0.89998,0.79999,0.8182,0.85634,0.28891,0.67884,0.36305,0.17865,0.0044961,0.46733,0.049076,0,0
0.25757,0.31666,0.17597,0.20375,0.32984,0.18191,0.12162,0.14713,0.16552,0.2243,0.74251,0.56058,0.74026,0.78947,0.76562,0.63466,0.45151,0.7,0.64999,0.63637,0.90244,0.25299,0.68081,0.32075,0.23403,0.0044961,0.46748,0.057305,0,0
0.2689,0.12339,0.24872,0.26815,0.2933,0.22472,0.081343,0.2029,0.21369,0.25734,0.64029,0.52618,0.54979,0.68421,0.62891,0.63466,0.40269,0.625,0.60001,0.65909,0.85098,0.2796,0.66117,0.33625,0.18867,0.0029974,0.46749,0.046461,0,0
0.37521,0.23462,0.31785,0.38251,0.43159,0.31688,0.21313,0.24817,0.28492,0.40101,0.62101,0.72813,0.61905,0.75439,0.64062,0.57241,0.78497,0.52499,0.7,0.65909,0.89279,0.17117,0.6592,0.24628,0.25327,0.0029974,0.46751,0.065096,0,0
0.29824,0.47908,0.18582,0.26925,0.40412,0.17834,0.18187,0.11589,0.2272,0.23729,0.62872,0.7371,0.51948,0.80702,0.6875,0.6139,0.73628,0.55,0.7,0.68183,0.87671,0.16985,0.67786,0.24449,0.20176,0.0029974,0.46746,0.049178,0,0
0.21466,0.32233,0.16184,0.16577,0.17723,0.14149,0.049363,0.13138,0.13664,0.16447,0.79623,0.5631,0.73594,0.92982,0.79688,0.66429,0.42534,0.72499,0.7,0.63637,0.89065,0.14922,0.68081,0.21886,0.21426,0.0056201,0.46752,0.053436,0,0
0.040962,0.089767,0.020096,0.034288,0.053988,0.037398,0.072173,0.017698,0.029229,0.058008,0.51569,0.47574,0.48052,0.63158,0.53125,0.44973,0.30411,0.5,0.4,0.45454,0.033019,0.33947,0.0031428,0.47567,0.17804,0.036718,0.46444,0.048318,1,0
0.22203,0.1062,0.2169,0.22027,0.24798,0.20846,0.093391,0.18115,0.215,0.24705,0.77144,0.62358,0.75758,0.91228,0.78125,0.73839,0.52725,0.72499,0.79999,0.79545,0.90244,0.16985,0.6759,0.25938,0.24718,0.0063694,0.46742,0.063749,0,0
0.13767,0.15368,0.12021,0.15967,0.17084,0.12291,0.1442,0.075774,0.14432,0.17826,0.67822,0.43809,0.79221,0.73684,0.625,0.58278,0.2967,0.59998,0.60001,0.54547,0.90244,0.36474,0.72205,0.39523,0.16256,0.0059948,0.4676,0.039148,0,0
0.25042,0.13043,0.22423,0.24992,0.28028,0.21836,0.11605,0.18936,0.18938,0.26274,0.68658,0.4232,0.58875,0.78947,0.67188,0.55165,0.41404,0.52499,0.60001,0.56819,0.88635,0.35609,0.6975,0.37735,0.17709,0.0029974,0.46768,0.043182,0,0
0.15061,0.15916,0.097975,0.1549,0.19939,0.12684,0.11785,0.071238,0.1269,0.16715,0.50625,0.5427,0.35065,0.60526,0.59375,0.50497,0.58139,0.5,0.60001,0.5909,0.96784,0.44989,0.70831,0.46673,0.27828,0.012739,0.46766,0.075045,0,0
0.15878,0.038271,0.16668,0.15287,0.16129,0.15019,0.039631,0.14251,0.15405,0.16557,0.61715,0.29602,0.58442,0.66667,0.5625,0.6087,0.20608,0.59998,0.55,0.5909,0.8424,0.36142,0.71519,0.39642,0.08874,0.0018734,0.46747,0.02138,0,0
0.19583,0.13065,0.16659,0.19908,0.22887,0.16095,0.1005,0.13493,0.14155,0.2005,0.47443,0.52956,0.49784,0.57895,0.48438,0.40641,0.5139,0.32501,0.49999,0.47729,0.93031,0.31618,0.76331,0.30883,0.14459,0.0029974,0.46798,0.034522,0,0
0.20291,0.16372,0.17313,0.22316,0.23444,0.16505,0.11209,0.12843,0.18038,0.20945,0.54644,0.78692,0.35931,0.66667,0.70313,0.44447,0.63001,0.40001,0.49999,0.54547,0.24529,0.34212,0.098408,0.36842,0.19589,0.0048707,0.46766,0.048075,0,0
0.38904,0.28473,0.33305,0.3207,0.47298,0.31445,0.16527,0.2688,0.28687,0.36656,0.64608,0.6361,0.58442,0.69298,0.73438,0.47905,0.35369,0.5,0.45001,0.45454,0.82525,0.13193,0.98723,0.16583,0.35448,0.0044961,0.46766,0.086632,0,0
0.33544,0.27395,0.28775,0.29268,0.36884,0.32919,0.23859,0.25139,0.29546,0.41352,0.58822,0.64507,0.42858,0.57895,0.76562,0.47905,0.40269,0.40001,0.45001,0.54547,0.84454,0.15055,0.97839,0.20874,0.31339,0.0048707,0.46777,0.076304,0,0
0.33313,0.30985,0.33262,0.32554,0.38093,0.301,0.28214,0.23442,0.28307,0.40284,0.47664,0.76425,0.24242,0.50877,0.65625,0.36788,0.53966,0.275,0.4,0.45454,0.84563,0.18647,1,0.23615,0.34543,0.0056201,0.46774,0.084343,0,0
0.36823,0.082727,0.37193,0.37906,0.37395,0.34116,0.076419,0.31992,0.35659,0.36845,0.65572,0.48699,0.53247,0.77193,0.65625,0.5482,0.41775,0.5,0.55,0.63637,0.81881,0.24966,0.96464,0.26594,0.32852,0.0044961,0.46764,0.083288,0,0
0.27565,0.12664,0.26463,0.26259,0.29185,0.26108,0.11944,0.22407,0.24916,0.30882,0.60172,0.56265,0.61039,0.70175,0.59375,0.6139,0.59729,0.57499,0.7,0.65909,0.90994,0.20643,0.71813,0.28083,0.18852,0.0029974,0.46742,0.047477,0,0
0.22382,0.15366,0.19897,0.23244,0.25272,0.17857,0.10154,0.14563,0.20033,0.2146,0.72515,0.63962,0.58442,0.73684,0.8125,0.6969,0.58157,0.55,0.7,0.77273,0.88635,0.19711,0.71617,0.27606,0.16143,0.0029974,0.46733,0.038906,0,0
0.3908,0.5404,0.25242,0.39291,0.51889,0.18641,0,0.19276,0.19011,0.18735,0.48215,0.98111,0.18615,0.49123,0.69921,0.39259,0.75591,0.2,0.4,0.56819,0.8349,0.20377,0.69358,0.27488,0.12144,0,0.46729,0.02879,0,0
0.22982,0.30311,0.14669,0.20473,0.28585,0.16679,0.1472,0.11921,0.15298,0.21929,0.61164,0.79583,0.27273,0.61404,0.82812,0.5309,0.60881,0.425,0.60001,0.63637,0.85527,0.2031,0.65233,0.31419,0.23439,0.0059948,0.46722,0.062238,0,0
0.25812,0.16896,0.2431,0.22698,0.278,0.19948,0.011523,0.20124,0.20421,0.20465,0.64801,0.7649,0.38096,0.7193,0.8125,0.59314,0.51838,0.40001,0.7,0.65909,0.82632,0.20975,0.66215,0.29395,0.16436,0.0026227,0.46727,0.041165,0,0
0.048545,0.12316,0.016885,0.030607,0.083701,0.039394,0.088332,0.012489,0.028812,0.072943,0.80518,0.4769,0.77489,0.73684,0.8125,0.5309,0.3561,0.5,0.49999,0.54547,0.049099,0.27228,0.011,0.42383,0.19354,0.03372,0.46487,0.048945,1,0
0.33488,0.33106,0.27279,0.28677,0.39584,0.23593,0.069514,0.21804,0.22705,0.26394,0.84087,0.38152,0.76624,0.77193,0.82812,0.84212,0.3044,0.79999,0.7,0.84092,0.87564,0.21973,0.66215,0.29335,0.22596,0.0029974,0.46746,0.059832,0,0
0.2311,0.1896,0.22163,0.22662,0.24515,0.23311,0.12634,0.19607,0.21988,0.25885,0.62817,0.64051,0.54113,0.80702,0.6875,0.59018,0.70141,0.55,0.7,0.63637,0.94532,0.16585,0.71027,0.21529,0.24282,0.0056201,0.46764,0.058981,0,0
0.33532,0.2895,0.29405,0.28661,0.34712,0.32274,0.25555,0.25021,0.27062,0.40185,0.65572,0.55283,0.61905,0.65789,0.64062,0.58278,0.44635,0.59998,0.55,0.63637,0.86063,0.19312,0.98527,0.24508,0.30078,0.0044961,0.46776,0.073033,0,0
0.25923,0.3007,0.22163,0.24651,0.28986,0.19364,0.14522,0.16037,0.21157,0.24649,0.52899,0.78112,0.28139,0.5614,0.70313,0.47164,0.61959,0.32501,0.49999,0.61365,0.88958,0.14723,0.99508,0.21291,0.276,0.0059948,0.46781,0.068687,0,0
0.27542,0.32525,0.26623,0.2629,0.30146,0.25111,0.28898,0.2236,0.25932,0.29449,0.46527,0.61647,0.31602,0.64912,0.54688,0.44014,0.50725,0.35,0.45001,0.54547,0.84454,0.16985,0.99508,0.20933,0.33866,0.0071188,0.4677,0.082685,0,0
0.26108,0.12488,0.2395,0.25649,0.28678,0.21837,0.07894,0.20076,0.19944,0.24878,0.61329,0.26477,0.63637,0.64912,0.54688,0.6139,0.28065,0.57499,0.60001,0.63637,0.91315,0.21242,0.9617,0.23376,0.18747,0.0029974,0.46761,0.04503,0,0
0.28245,0.18494,0.25686,0.24479,0.29455,0.26262,0.1549,0.21229,0.22616,0.29379,0.5891,0.65827,0.65368,0.59649,0.70313,0.57805,0.65543,0.52499,0.60001,0.70455,0.73949,0.30089,0.99804,0.23376,0.51593,0.011615,0.46745,0.12832,0,0
0.43858,0.56206,0.27096,0.40759,0.59218,0.29947,0.28734,0.21018,0.24064,0.4112,0.60558,0.62884,0.61039,0.7193,0.60938,0.67614,0.5613,0.67498,0.7,0.68183,0.93031,0.27827,0.67688,0.36902,0.29026,0.0029974,0.4674,0.076522,0,0
0.27064,0.29948,0.14531,0.31185,0.3633,0.22237,0.22733,0.11756,0.25374,0.31769,0.76868,0.48125,0.74026,0.68421,0.79688,0.81249,0.38733,0.72499,0.79999,0.8182,0.90673,0.21574,0.64545,0.29811,0.29839,0.0059948,0.46748,0.072965,0,0
0.26879,0.35666,0.16873,0.26846,0.31149,0.18347,0.12129,0.13704,0.19125,0.23754,0.81322,0.58151,0.82684,0.78947,0.875,0.79027,0.52283,0.7,0.75001,0.8182,0.90244,0.24302,0.66805,0.29036,0.24823,0.0044961,0.46761,0.060537,0,0
0.34932,0.2853,0.31342,0.31031,0.35506,0.26705,0.038214,0.26024,0.27152,0.28052,0.95145,0.34765,0.77489,0.89474,0.9375,0.894,0.18009,0.89998,0.90001,0.8182,0.95603,0.1878,0.6759,0.25283,0.31524,0.0044961,0.46758,0.079448,0,0
0.17122,0.17442,0.13369,0.18343,0.19512,0.17265,0.12513,0.13001,0.17763,0.18711,0.74492,0.65418,0.66234,0.89474,0.76562,0.68651,0.65085,0.7,0.64999,0.77273,0.91531,0.16852,0.69554,0.23912,0.22737,0.0074934,0.46751,0.055312,0,0
0.30079,0.21104,0.28062,0.27689,0.26924,0.23988,0.033529,0.23488,0.24763,0.25061,0.76593,0.40292,0.72295,0.85965,0.73438,0.87178,0.44312,0.79999,0.90001,0.88638,0.93139,0.16918,0.68768,0.29692,0.29199,0.0059948,0.46725,0.080508,0,0
0.20297,0.15296,0.17767,0.17847,0.22085,0.16465,0.067491,0.15022,0.16232,0.1744,0.81001,0.20932,0.86147,0.80702,0.6875,0.82917,0.26829,0.79999,0.79999,0.77273,0.95389,0.19711,0.72304,0.28559,0.24807,0.0071188,0.46741,0.062199,0,0
0.24295,0.18708,0.25211,0.2483,0.27666,0.2103,0.15147,0.20913,0.22668,0.26322,0.60558,0.78597,0.41126,0.66667,0.76562,0.51017,0.59858,0.40001,0.60001,0.63637,0.79417,0.17983,0.98821,0.19682,0.40211,0.010116,0.46763,0.099473,0,0
0.25928,0.19746,0.22831,0.22816,0.30122,0.22407,0.16318,0.1872,0.19775,0.25729,0.81001,0.79734,0.6407,0.82456,0.92188,0.73839,0.75591,0.64999,0.90001,0.8182,0.87993,0.17582,0.67099,0.30765,0.25436,0.0056201,0.46713,0.066573,0,0
0.29232,0.24689,0.24357,0.30783,0.34182,0.25365,0.24598,0.16428,0.26653,0.34796,0.61329,0.89053,0.26407,0.89474,0.76562,0.6139,1.0256,0.29999,0.7,0.9091,0.79202,0.15055,0.64938,0.28501,0.1842,0.0029974,0.4667,0.050048,1,0
0.29147,0.057296,0.3016,0.29866,0.29192,0.26426,0.054011,0.24849,0.27177,0.28677,0.72001,0.46138,0.58442,0.82456,0.70313,0.58278,0.46665,0.40001,0.60001,0.63637,0.78237,0.13924,0.89098,0.15929,0.26625,0.0044961,0.46759,0.065455,0,0
0.28755,0.2122,0.27547,0.26431,0.25136,0.26924,0.18291,0.23372,0.24086,0.24764,0.55929,0.53915,0.61905,0.5614,0.57031,0.55685,0.5241,0.55,0.60001,0.5909,0.82632,0.14723,0.98919,0.17835,0.35611,0.0071188,0.46766,0.087575,0,0
0.29903,0.19018,0.27912,0.28393,0.31297,0.24421,0.089819,0.22191,0.24207,0.27543,0.64745,0.57559,0.54979,0.68421,0.74219,0.5309,0.52725,0.35,0.49999,0.63637,0.85205,0.13392,0.98821,0.19265,0.31788,0.0056201,0.46776,0.077319,0,0
0.27227,0.35399,0.14939,0.31002,0.33369,0.23973,0.30161,0.065929,0.2732,0.33519,0.43393,0.76398,0.20347,0.42982,0.6875,0.38826,0.63995,0.25001,0.34999,0.54547,0.8617,0.13659,0.99018,0.19563,0.30712,0.0071188,0.46777,0.081373,0,0
0.27126,0.11829,0.25127,0.25867,0.28983,0.25525,0.099227,0.21532,0.25187,0.29581,0.63367,0.41227,0.58008,0.7193,0.60938,0.48645,0.39017,0.5,0.4,0.45454,0.83919,0.15986,0.95875,0.20219,0.28896,0.0056201,0.46771,0.069766,0,0
0.26259,0.080549,0.26354,0.26123,0.26819,0.24647,0.055495,0.23052,0.2449,0.27079,0.58072,0.54741,0.40692,0.61404,0.70313,0.50787,0.5248,0.37499,0.49999,0.63637,0.81239,0.1479,0.99706,0.19563,0.38852,0.0086175,0.46772,0.094472,0,0
0.24549,0.079655,0.24272,0.24171,0.2604,0.22008,0.061665,0.20956,0.21397,0.25619,0.61474,0.43892,0.60173,0.70175,0.59375,0.59575,0.51373,0.55,0.60001,0.63637,0.81988,0.23237,0.95286,0.24032,0.30989,0.0071188,0.46759,0.075871,0,0
0.37061,0.27234,0.31759,0.36323,0.38867,0.34248,0.25263,0.26224,0.30559,0.42915,0.53036,0.53506,0.53247,0.58772,0.59375,0.49632,0.46499,0.40001,0.45001,0.54547,0.86278,0.28492,0.99706,0.31062,0.31536,0.0041214,0.46769,0.076906,0,0
0.3481,0.22492,0.32613,0.33582,0.39984,0.29148,0.14371,0.25124,0.2938,0.33855,0.68879,0.67041,0.60173,0.87719,0.75,0.59018,0.42793,0.55,0.60001,0.61365,0.8081,0.32816,0.98723,0.31062,0.38407,0.0059948,0.46756,0.094729,0,0
0.20832,0.35755,0.13893,0.13665,0.25565,0.12499,0.05998,0.11318,0.1229,0.14476,0.64929,0.21149,0.72295,0.66667,0.5625,0.79027,0.35369,0.79999,0.75001,0.72727,0.94532,0.30155,0.75152,0.33386,0.17741,0.0044961,0.46764,0.043645,0,0
0.25664,0.067845,0.25907,0.25922,0.26107,0.25438,0,0.26019,0.25777,0.25524,0.68144,0.68364,0.48052,0.84211,0.71875,0.63466,0.4305,0.55,0.60001,0.68183,0.84026,0.30687,0.71519,0.33505,0.082467,0,0.46764,0.01924,0,0
0.23995,0.19493,0.20138,0.24258,0.28087,0.15966,0,0.16621,0.16348,0.16063,0.6043,0.88834,0.32468,0.68421,0.75391,0.56547,0.65763,0.40001,0.60001,0.68183,0.74592,0.31552,0.64545,0.38212,0.084714,0.00037467,0.46681,0.021074,1,0
0.15218,0.21723,0.086992,0.14221,0.19388,0.12832,0.18662,0.046584,0.12265,0.16083,0.61956,0.74675,0.46321,0.82456,0.70313,0.45309,0.67823,0.29999,0.49999,0.54547,0.20669,0.30354,0.063052,0.33208,0.19579,0.0074934,0.46767,0.047662,0,0
0.12522,0.18142,0.077353,0.12662,0.17368,0.1098,0.14686,0.05853,0.08483,0.16495,0.66479,0.55043,0.62771,0.63158,0.71875,0.66516,0.64018,0.57499,0.7,0.72727,0.9614,0.30421,0.65723,0.38034,0.35841,0.019858,0.46751,0.094267,0,0
0.25412,0.24267,0.23317,0.22632,0.21571,0.19222,0.038044,0.18889,0.19696,0.20883,0.60613,0.66739,0.64069,0.59649,0.6875,0.605,0.68875,0.625,0.7,0.63637,0.96247,0.28891,0.7034,0.34756,0.28246,0.0059948,0.46755,0.07015,0,0
0.12271,0.12933,0.10005,0.12375,0.14865,0.099028,0.080969,0.084716,0.11085,0.12403,0.67501,0.57979,0.75326,0.77193,0.65625,0.68075,0.60987,0.67498,0.7,0.68183,0.94425,0.35343,0.7525,0.39285,0.17655,0.0086175,0.46755,0.044179,0,0
0.24765,0.40144,0.17922,0.18398,0.25353,0.16033,0.083167,0.14445,0.16134,0.18325,0.68602,0.65392,0.54546,0.68421,0.78125,0.63466,0.5695,0.55,0.7,0.72727,0.94639,0.33614,0.70733,0.36008,0.24857,0.0056201,0.46768,0.062034,0,0
0.19005,0.11246,0.17693,0.18981,0.20137,0.15916,0.058245,0.14585,0.16761,0.17524,0.8317,0.54397,0.80087,0.84211,0.78125,0.8551,0.45206,0.79999,0.79999,0.8182,0.90994,0.20643,0.70536,0.29454,0.21486,0.0074934,0.46736,0.061781,0,0
0.22102,0.24654,0.19208,0.20687,0.26016,0.17385,0.1504,0.15346,0.18406,0.24855,0.81725,0.54776,0.80953,0.75439,0.85938,0.71246,0.48473,0.7,0.7,0.77273,0.98176,0.14922,0.71813,0.24746,0.2962,0.0074934,0.46744,0.071949,0,0
0.17359,0.084564,0.16624,0.16705,0.18967,0.13815,0.025722,0.13559,0.14207,0.1485,0.57858,0.60575,0.39394,0.63158,0.67188,0.58278,0.51239,0.44999,0.55,0.68183,0.84563,0.15654,0.72402,0.22125,0.084374,0.0014987,0.46731,0.021672,0,0
0.16673,0.26619,0.099362,0.14385,0.21307,0.11844,0.13531,0.066115,0.12387,0.17813,0.81001,0.71315,0.74026,0.94737,0.8125,0.67356,0.58596,0.74998,0.7,0.68183,0.92709,0.1705,0.70929,0.24092,0.22282,0.0074934,0.46751,0.054622,0,0
0.11216,0.12912,0.077853,0.11235,0.14244,0.094116,0.11057,0.058494,0.090149,0.12704,0.7301,0.67132,0.70563,0.85965,0.73438,0.69391,0.8507,0.57499,0.79999,0.79545,0.87885,0.1705,0.72107,0.22602,0.13138,0.0059948,0.46753,0.031319,0,0
0.2483,0.063365,0.25082,0.26457,0.24953,0.22157,0.068546,0.2029,0.22511,0.24738,0.66537,0.50599,0.54979,0.67544,0.67188,0.66058,0.32287,0.64999,0.7,0.63637,0.88207,0.15122,0.71911,0.21768,0.14213,0.0018734,0.46746,0.034227,0,0
0.26573,0.11557,0.25368,0.26828,0.28293,0.20785,0,0.21403,0.21145,0.20877,0.7393,0.28742,0.671,0.66667,0.69141,0.73839,0.21525,0.72499,0.7,0.70455,0.881,0.19246,0.7417,0.23615,0.099966,0.00037467,0.46761,0.023541,0,0
0.2511,0.059489,0.25025,0.25111,0.25753,0.22504,0.049635,0.21185,0.22137,0.2453,0.90965,0.25681,0.96537,0.91228,0.78125,0.79027,0.22575,0.79999,0.75001,0.72727,0.89708,0.18181,0.68768,0.25522,0.21528,0.0041214,0.46748,0.052755,0,0
0.22281,0.14224,0.20545,0.20728,0.20901,0.18059,0.043023,0.17022,0.16994,0.20556,0.84307,0.20792,0.84416,0.78947,0.67188,0.79768,0.11505,0.79999,0.79999,0.72727,0.94532,0.18914,0.70634,0.24151,0.24969,0.0059948,0.46762,0.06163,0,0
0.16658,0.16063,0.12455,0.1761,0.20098,0.13845,0.11652,0.081145,0.16053,0.19449,0.84618,0.55291,0.80953,0.94737,0.8125,0.91992,0.63801,0.79999,1,0.95456,0.90137,0.15587,0.69652,0.2284,0.20637,0.0074934,0.46749,0.054092,0,0
0.13284,0.24892,0.046706,0.13319,0.18335,0.093308,0.13987,0.033817,0.11103,0.15886,1.035,0.59205,1.1212,1.0702,0.92188,0.93433,0.53211,0.89998,1,0.93182,0.8617,0.15521,0.67099,0.22662,0.18934,0.0086175,0.46748,0.046928,0,0
0.20853,0.23603,0.14092,0.19846,0.24271,0.1563,0.11226,0.11286,0.16777,0.1936,0.82653,0.51026,0.8961,0.84211,0.71875,0.79768,0.40949,0.72499,0.7,0.86363,0.80273,0.16652,0.59634,0.23555,0.22073,0.0059948,0.46752,0.056678,0,0
0.18413,0.23818,0.1046,0.20018,0.26713,0.14716,0.16546,0.079469,0.13814,0.19902,1.1065,0.17007,1.1212,1.0702,0.92188,0.9718,0.3203,0.89998,0.94999,0.95456,0.74592,0.15122,0.55607,0.26058,0.22359,0.0074934,0.46725,0.059672,0,0
0.41156,0.22687,0.36949,0.40518,0.45704,0.35986,0.1704,0.30518,0.34816,0.39507,0.75698,0.50996,0.57576,0.78947,0.79688,0.62168,0.43717,0.55,0.55,0.68183,0.67195,0.19644,0.94107,0.24508,0.50373,0.0071188,0.46773,0.12702,0,0
0.40265,0.20861,0.33584,0.419,0.39665,0.36155,0.18455,0.28118,0.36961,0.41861,0.53174,0.80329,0.39394,0.64912,0.72266,0.41235,0.61423,0.32501,0.4,0.5909,0.77809,0.14656,0.98527,0.22303,0.42299,0.0056201,0.4678,0.10381,0,0
0.3336,0.32715,0.30595,0.35356,0.399,0.28395,0.26959,0.21943,0.26057,0.39122,0.56756,0.73444,0.48052,0.66667,0.71484,0.45679,0.61781,0.35,0.60001,0.54547,0.77165,0.14922,0.94304,0.19443,0.36203,0.0059948,0.46771,0.089776,0,0
0.38361,0.37425,0.29817,0.37984,0.52114,0.31295,0.27039,0.22521,0.30863,0.39964,0.61991,0.66209,0.51515,0.66667,0.75,0.5309,0.596,0.425,0.4,0.63637,0.72663,0.1745,0.93714,0.21708,0.41796,0.0059948,0.46771,0.10337,0,0
0.37602,0.12853,0.36301,0.37815,0.3931,0.3349,0.12756,0.29299,0.32758,0.38569,0.55929,0.53687,0.39828,0.64912,0.58985,0.42717,0.34034,0.37499,0.4,0.47729,0.78558,0.15721,0.89294,0.23256,0.26806,0.0029974,0.46787,0.06564,0,0
0.33477,0.16055,0.30323,0.37329,0.35684,0.29436,0.14625,0.23963,0.303,0.3558,0.52393,0.69951,0.35931,0.52632,0.73438,0.44447,0.53452,0.29999,0.4,0.63637,0.81988,0.15787,0.93911,0.22423,0.28869,0.0041214,0.46781,0.070131,0,0
0.2895,0.32107,0.25678,0.33703,0.35484,0.25627,0.27648,0.17883,0.31047,0.36122,0.4942,0.56775,0.342,0.60526,0.59375,0.46607,0.51373,0.40001,0.49999,0.54547,0.81453,0.19379,0.99116,0.23793,0.37613,0.0074934,0.46772,0.094875,0,0
0.22069,0.21377,0.18437,0.18054,0.2659,0.17416,0.11392,0.15413,0.1618,0.17773,0.78832,0.89038,0.53247,0.92982,0.92188,0.73839,0.75449,0.74998,0.85,0.8182,0.83919,0.20377,0.62483,0.29989,0.24245,0.0071188,0.46735,0.068882,0,0
0.32545,0.27997,0.25309,0.3137,0.3956,0.27887,0.26132,0.20187,0.21697,0.37925,0.87173,0.39715,0.86147,0.91228,0.78125,0.77987,0.44635,0.72499,0.79999,0.8182,0.81988,0.17117,0.61893,0.26832,0.22381,0.0029974,0.46733,0.055608,0,0
0.34566,0.40527,0.25531,0.3091,0.43156,0.2359,0.12641,0.19265,0.25775,0.28173,0.83315,0.72245,0.67532,1,0.85938,0.82139,0.63489,0.775,0.79999,0.86363,0.82632,0.16718,0.60224,0.27309,0.26182,0.003372,0.46734,0.065207,0,0
0.19183,0.43812,0.067485,0.095159,0.39775,0.12745,0.29319,0.056884,0.064613,0.16252,0.59786,0.64871,0.30736,0.80702,0.6875,0.57537,0.77464,0.40001,0.7,0.70455,0.77272,0.21708,0.59831,0.30825,0.19063,0.0056201,0.46727,0.048979,0,0
0.25913,0.13924,0.27451,0.27531,0.27315,0.2349,0.12508,0.20722,0.26536,0.27258,0.76317,0.79903,0.671,0.92982,0.79688,0.63466,0.71387,0.64999,0.7,0.70455,0.8424,0.16918,0.59831,0.26176,0.28268,0.0059948,0.46744,0.071273,0,0
0.24801,0.33086,0.16004,0.24675,0.2874,0.1686,0.11157,0.1265,0.17313,0.21848,0.63644,0.66481,0.44589,0.80702,0.6875,0.60008,0.81299,0.29999,0.7,0.8182,0.8467,0.17582,0.62974,0.22602,0.22753,0.0044961,0.46763,0.055778,0,0
0.19237,0.32373,0.091545,0.17298,0.27458,0.15506,0.24945,0.06964,0.12112,0.20905,0.70153,0.50771,0.71429,0.78947,0.67188,0.6476,0.42176,0.64999,0.64999,0.68183,0.80166,0.15387,0.60125,0.26116,0.23067,0.0074934,0.46728,0.059832,0,0
0.1992,0.24832,0.099478,0.20879,0.2415,0.14954,0.13987,0.082292,0.18165,0.20392,0.61991,0.6303,0.41992,0.80702,0.6875,0.61981,0.4554,0.55,0.7,0.63637,0.76951,0.1745,0.60322,0.30288,0.20884,0.0059948,0.46698,0.054714,0,0
0.20312,0.33937,0.07323,0.20065,0.28983,0.14452,0.20339,0.057339,0.12089,0.2457,0.96154,0.54149,0.94372,1.0351,0.89063,0.90141,0.44561,0.82498,0.90001,0.9091,0.81988,0.14723,0.62777,0.2141,0.19505,0.0059948,0.46753,0.053377,0,0
0.30014,0.17301,0.27232,0.31678,0.331,0.27217,0.17466,0.21046,0.30956,0.33231,0.74058,0.81768,0.58875,0.75439,0.875,0.80063,0.94563,0.7,0.90001,0.93182,0.80489,0.1705,0.60715,0.23078,0.2046,0.0029974,0.46756,0.051939,0,0
0.035624,0.14247,0.023061,0.051021,0.058171,0.033588,0.13422,0.007266,0.013993,0.056957,0.63881,0.41141,0.54492,0.66615,0.58959,0.61642,0.42482,0.58087,0.4693,0.58632,0.98336,0.41438,0.91704,0.39191,0.41102,0.061615,0.46772,0.099429,0,1
0.015429,0.11576,0.00049435,0.016635,0.030693,0.014658,0.071076,0.0006141,0.0068835,0.018797,0.84051,0.19889,0.89311,0.86881,0.5842,0.64645,0.26095,0.81598,0.79561,0.72029,0.33208,0.36388,0.21107,0.15479,0.20543,0.088049,0.46776,0.082447,1,1
0.013282,0.073152,0.0015151,0.00046453,0.0169,0.011239,0.02075,0.0034285,0.027586,0.0059169,0.79514,0.32045,0.73777,0.76918,0.45693,0.61016,0.30885,0.52736,0.65158,0.36413,-0.0033096,0.43286,-0.0019065,0.13104,0.081723,0.014365,0.46777,0.018388,1,1
0.51661,0.2427,0.50328,0.43822,0.53226,0.41999,0.10726,0.3943,0.42916,0.44286,0.37472,0.59104,0.095487,0.3944,0.40173,0.29571,0.42132,0.22799,0.22984,0.41647,0.67752,0.37182,0.82767,0.49225,0.28509,-0.0012641,0.46773,0.045965,1,1
0.091439,0.07721,0.034994,0.042501,0.031798,0.042549,0.048163,0.02444,0.031613,0.01022,0.4208,0.14724,0.5575,0.29019,0.3538,0.35537,0.28078,0.43712,0.36529,0.41085,0.96292,0.31234,0.9341,0.48536,0.0685,0.054543,0.46796,0.032513,1,1
0.28511,0.28329,0.23487,0.25736,0.46108,0.41404,0.15857,0.34356,0.34193,0.40025,0.52253,0.58524,0.52626,0.5758,0.555,0.38633,0.39676,0.33989,0.44875,0.35928,0.11059,0.38636,0.12989,0.24744,0.3935,0.040259,0.46794,0.16775,1,1
0.32903,0.20968,0.27654,0.36916,0.35637,0.2496,0.11858,0.34149,0.26008,0.23529,0.46439,0.4583,0.31831,0.41599,0.38338,0.30672,0.42577,0.34841,0.39475,0.40826,0.50712,0.36741,0.50996,0.368,0.24103,0.078113,0.46782,0.091546,1,1
-0.0084542,0.13061,-0.0017506,-0.0063157,-0.00010594,-0.0065833,0.067859,-0.0013623,-0.0038023,0.015293,0.98625,0.12962,0.99834,0.98177,0.88628,0.99063,0.10852,0.99487,0.99043,0.96654,0.60103,0.40732,0.12342,0.0092739,0.49825,0.10101,0.46772,0.16833,1,1
0.33178,0.29342,0.25938,0.34586,0.36104,0.20696,0.16041,0.19393,0.15039,0.3032,0.60484,0.3724,0.59159,0.6118,0.65181,0.53594,0.43801,0.52139,0.44173,0.65328,0.84402,0.41038,0.73265,0.4521,0.25929,-0.0025631,0.46772,0.095886,0,1
0.25339,0.25976,0.15662,0.15296,0.29333,0.18207,0.19377,0.21254,0.16663,0.25448,0.62892,0.67872,0.525,0.67846,0.68831,0.54011,0.60442,0.53324,0.56119,0.64829,0.88613,0.38458,0.75234,0.39646,0.35537,-0.0013313,0.46778,0.10123,0,1
0.38537,0.17704,0.31642,0.30963,0.30172,0.23892,0.083313,0.25569,0.20529,0.30306,0.5812,0.51257,0.58018,0.66776,0.61976,0.55934,0.4121,0.52295,0.51973,0.60882,0.90094,0.38589,0.78349,0.43529,0.22379,-0.0025811,0.46771,0.054729,0,1
0.26232,0.14799,0.26392,0.17667,0.16121,0.22125,0.062958,0.1119,0.15812,0.1643,0.29708,0.66298,0.24888,0.57008,0.55846,0.47152,0.59735,0.33311,0.40201,0.53821,0.90491,0.43353,0.78757,0.4313,0.1607,0.0012226,0.46771,0.051905,0,1
0.034681,0.12607,0.014125,0.072254,0.061051,0.057463,0.086953,0.01037,0.0356,0.068717,0.82485,0.50244,0.73767,0.88469,0.74811,0.85301,0.45757,0.66586,0.75031,0.82641,0.94712,0.42898,0.6062,0.29578,0.24988,0.034475,0.46776,0.060148,0,1
0.16829,0.25366,0.099149,0.10672,0.10953,0.088003,0.10253,0.029478,0.051692,0.0792,0.59925,0.50114,0.56548,0.37934,0.52487,0.50634,0.47122,0.41984,0.59692,0.4262,0.78111,0.24746,0.7772,0.4718,0.15891,0.064859,0.46776,0.10203,1,1
0.51133,0.23041,0.43597,0.39376,0.46318,0.2988,0.15063,0.38437,0.35028,0.35154,0.57019,0.59889,0.52746,0.60441,0.6424,0.49517,0.51212,0.43187,0.49507,0.62459,0.88154,0.39852,0.77658,0.43858,0.28841,-0.0018257,0.46773,0.06284,0,1
0.30266,0.19684,0.25399,0.23163,0.28478,0.21301,0.1095,0.12798,0.13933,0.24805,0.43398,0.44741,0.42661,0.48356,0.57124,0.43479,0.42491,0.3641,0.33868,0.44936,0.9032,0.43056,0.83718,0.41232,0.28877,-0.0024449,0.4677,0.057076,0,1
0.47675,0.15426,0.22867,0.36517,0.34565,0.18288,0.11808,0.17922,0.17333,0.17575,0.65288,0.49217,0.48572,0.56462,0.39449,0.45213,0.38966,0.41459,0.40681,0.53325,0.95129,0.30899,0.91541,0.31083,0.31488,0.0029908,0.46781,0.082345,1,1
0.11453,0.092382,0.16349,0.098577,0.10751,0.052733,0.037738,0.093406,0.074138,0.06461,0.56367,0.51052,0.43715,0.50928,0.27235,0.32073,0.39585,0.27569,0.33664,0.42408,0.84932,0.33855,0.70247,0.45448,0.088688,0.041765,0.46771,0.025276,1,1
0.44632,0.25537,0.36081,0.39359,0.51282,0.42524,0.13889,0.36779,0.37061,0.39214,0.51339,0.66369,0.51491,0.5681,0.68324,0.60313,0.49408,0.49046,0.54244,0.61992,0.90556,0.42541,0.87171,0.50088,0.34938,-0.0022471,0.46772,0.075327,1,1
0.22907,0.19735,0.16729,0.15932,0.24114,0.27162,0.11041,0.14187,0.13454,0.27518,0.71295,0.5856,0.61336,0.76153,0.75234,0.58225,0.49545,0.59419,0.72124,0.71301,0.76727,0.38509,0.6561,0.39065,0.27114,-0.0018638,0.46771,0.096304,0,1
0.4299,0.2037,0.35642,0.34651,0.44255,0.27071,0.074422,0.22167,0.31557,0.38987,0.61879,0.54353,0.38276,0.61632,0.65701,0.52455,0.47577,0.53195,0.51832,0.56453,0.92328,0.4121,0.89501,0.46366,0.182,-0.0026155,0.46771,0.020382,0,1
0.5338,0.28434,0.50905,0.46119,0.58845,0.51396,0.11998,0.4663,0.41101,0.43656,0.47499,0.58805,0.30814,0.50487,0.45801,0.43302,0.43334,0.37973,0.37612,0.4169,0.71952,0.34593,0.83645,0.41855,0.25782,-0.0003181,0.46774,0.057898,1,1
0.16579,0.1636,0.025854,0.075793,0.095863,0.089973,0.12442,0.021457,0.074786,0.1096,0.79086,0.38131,0.59312,0.6514,0.59181,0.57612,0.303,0.46973,0.51598,0.52725,0.58403,0.35535,0.64529,0.40963,0.27136,0.011256,0.46776,0.067589,1,1
-0.0065235,0.051102,-0.001122,-0.0053593,0.0037645,-0.0080332,0.019222,-0.0011974,-0.0041831,0.00022464,0.86364,0.038122,0.84417,0.54429,0.4919,0.58399,0.093362,0.70693,0.66868,0.58913,0.9999,0.36225,0.99956,0.45368,0.043604,0.0048685,0.4677,0.011422,1,1
0.33152,0.2653,0.30469,0.38319,0.36927,0.27828,0.14576,0.20778,0.28865,0.30794,0.5187,0.58595,0.44746,0.51919,0.47839,0.3544,0.45693,0.30218,0.39235,0.39658,0.84968,0.34617,0.89298,0.42552,0.36814,0.0032821,0.46774,0.088561,1,1
0.428,0.25603,0.34137,0.34547,0.40688,0.27897,0.12596,0.27575,0.21903,0.25513,0.47838,0.61496,0.31651,0.42571,0.51436,0.38559,0.55451,0.28973,0.32911,0.48948,0.88659,0.3519,0.84121,0.42769,0.24861,-0.0025964,0.46772,0.045629,0,1
0.024763,0.09092,0.0048117,0.0077344,0.021818,0.007069,0.064337,-6.0391e-05,0.0021954,0.03378,0.85843,0.154,0.9159,0.89784,0.7058,0.71735,0.15552,0.81829,0.72973,0.83293,0.99435,0.32275,0.96102,0.2058,0.20561,0.027681,0.46777,0.06357,1,1
0.04564,0.12464,0.0098492,0.043849,0.11545,0.041534,0.12082,0.010907,0.032422,0.14628,0.55994,0.27096,0.75682,0.70253,0.6852,0.62445,0.2634,0.72538,0.67405,0.79712,0.89732,0.37086,0.87003,0.28435,0.33904,0.03173,0.46775,0.091327,1,1
0.38462,0.19003,0.28656,0.27593,0.31931,0.32319,0.13871,0.24427,0.30904,0.28883,0.48415,0.54294,0.51335,0.6422,0.61668,0.51029,0.43796,0.39215,0.48682,0.58414,0.85455,0.43137,0.68851,0.38609,0.28061,-0.0025778,0.4677,0.068221,0,1
0.093944,0.18585,0.075938,0.18275,0.15221,0.070106,0.1041,0.045774,0.10574,0.095185,0.65461,0.45804,0.67578,0.80699,0.66458,0.73708,0.43931,0.64255,0.78673,0.73095,0.27734,0.35125,0.16444,0.33438,0.39827,0.11497,0.46789,0.10828,0,1
0.22278,0.18737,0.29412,0.19542,0.15385,0.12281,0.092964,0.15179,0.1652,0.13282,0.39903,0.54042,0.22482,0.4622,0.36991,0.26608,0.50474,0.21086,0.33178,0.46231,0.55059,0.38938,0.50781,0.38372,0.17093,0.024801,0.46776,0.022494,1,1
-0.0014872,0.058267,-0.00079834,-0.0030149,0.0018089,-0.0053967,0.04285,-0.0010702,-0.0033583,-0.0014396,0.8615,0.086264,0.88429,0.81121,0.72188,0.7438,0.16036,0.71692,0.72955,0.73357,0.99907,0.34763,0.99573,0.32698,0.071294,0.073331,0.46773,0.022098,1,1
-0.00080743,0.060228,-0.0012903,-0.0040714,-0.0011055,-0.0063605,0.025558,-0.00096212,-0.00021739,-0.0052482,0.70559,0.17969,0.687,0.67496,0.63429,0.60571,0.22119,0.50477,0.60133,0.42713,0.078454,0.34005,0.042124,0.23948,0.096784,0.016916,0.46775,0.036762,1,1
0.61482,0.37654,0.55548,0.56802,0.62008,0.4549,0.16119,0.46637,0.4591,0.5388,0.68038,0.55336,0.46358,0.51102,0.56135,0.48415,0.41892,0.51941,0.47938,0.48296,0.87339,0.372,0.8521,0.43378,0.27311,-0.002536,0.46775,0.08269,0,1
0.33472,0.16712,0.29968,0.24981,0.31074,0.21697,0.057141,0.27766,0.22559,0.25317,0.45098,0.73014,0.32003,0.69207,0.62545,0.54696,0.64558,0.35003,0.5401,0.63116,0.81374,0.39345,0.63955,0.46176,0.20832,-0.0026087,0.46773,0.04737,0,1
0.34532,0.20717,0.33114,0.42819,0.43671,0.36436,0.08168,0.27063,0.31245,0.3843,0.64498,0.52485,0.50382,0.61062,0.61555,0.46467,0.4297,0.32456,0.41419,0.44025,0.84895,0.4218,0.90497,0.49441,0.23942,-0.0026152,0.46772,0.05538,0,1
0.17164,0.20204,0.090632,0.13094,0.23717,0.11971,0.084225,0.086811,0.16888,0.15889,0.49977,0.54312,0.44865,0.69475,0.45558,0.62812,0.51282,0.6073,0.66889,0.72201,0.20604,0.31326,0.097311,0.25804,0.23155,0.28028,0.46788,0.08842,0,1
0.080254,0.16231,0.042551,0.074563,0.10034,0.085397,0.088709,0.03664,0.051444,0.077016,0.5768,0.47701,0.64059,0.73321,0.59269,0.55498,0.49255,0.5009,0.59347,0.75032,0.77879,0.31901,0.66547,0.34234,0.18302,0.068788,0.46797,0.070593,0,1
-0.0072087,0.08239,-0.0016652,-0.0060549,-0.0023103,-0.0082703,0.024005,-0.0013802,-0.0034749,-0.0019902,0.87361,0.10259,0.93604,0.86815,0.75639,0.82805,0.1338,0.84082,0.87358,0.73567,0.97898,0.30485,0.92926,0.18769,0.23065,0.036955,0.46795,0.10692,1,1
-0.00068386,0.098359,0.0034578,-0.00084724,0.0025425,-0.0021093,0.044084,-0.00046342,0.00019108,-0.0022185,0.65361,0.13214,0.64116,0.6138,0.36101,0.68993,0.23559,0.64117,0.63157,0.54075,0.97389,0.41254,0.96173,0.32993,0.066829,0.034081,0.46771,0.022845,1,1
0.62948,0.31145,0.52389,0.55977,0.64948,0.49948,0.18078,0.41663,0.4896,0.59504,0.53504,0.56333,0.36377,0.45851,0.56715,0.41344,0.40332,0.4055,0.39265,0.40968,0.73018,0.38509,0.80618,0.50207,0.37072,-0.0015648,0.46773,0.063788,1,1
0.0039635,0.24764,-0.00022582,-0.0028614,0.009405,0.0010531,0.077446,0.00040485,0.002675,0.018888,0.83394,0.36799,0.91871,0.91154,0.76954,0.81594,0.26229,0.8752,0.84457,0.83811,0.89235,0.34265,0.64645,0.34029,0.32958,0.31686,0.46778,0.11212,0,1
0.17616,0.28044,0.096432,0.22771,0.30033,0.16281,0.21213,0.19309,0.26813,0.23446,0.60053,0.42337,0.53884,0.62564,0.62414,0.44746,0.40731,0.48668,0.58381,0.46485,0.53938,0.36662,0.55539,0.41078,0.38795,0.10149,0.46777,0.11988,1,1
0.060213,0.11714,0.0070216,0.039019,0.097222,0.062443,0.15156,0.012025,0.04886,0.074965,0.6948,0.18412,0.60334,0.60234,0.65592,0.56955,0.2738,0.5539,0.56458,0.60443,0.95074,0.27868,0.94413,0.40453,0.23316,0.039704,0.46779,0.0719,1,1
0.19001,0.21058,0.11826,0.22141,0.30555,0.16478,0.19249,0.16062,0.22125,0.20899,0.51125,0.50952,0.61851,0.59964,0.59874,0.53046,0.51866,0.56881,0.66808,0.60907,0.61958,0.36585,0.62177,0.34094,0.29213,0.082181,0.46776,0.15698,1,1
0.19405,0.16903,0.16447,0.18634,0.17391,0.06902,0.12643,0.09496,0.11393,0.17765,0.68889,0.51452,0.71328,0.81357,0.57759,0.6237,0.4791,0.70255,0.71404,0.72416,0.72181,0.36716,0.43372,0.36495,0.28312,0.010102,0.46771,0.1337,0,1
-0.00159,0.075206,-0.0012125,-0.0041032,0.0083319,-0.0022672,0.029705,-0.00086839,-0.0020652,-0.0048773,0.65304,0.15021,0.62138,0.64971,0.42426,0.51979,0.17137,0.51851,0.50644,0.47229,0.8425,0.34306,0.64426,0.38461,0.045209,0.030166,0.46772,0.030989,1,1
0.043425,0.088162,0.015318,0.031726,0.081553,0.054604,0.077873,0.015068,0.033694,0.023432,0.56803,0.47814,0.52342,0.54838,0.51243,0.59043,0.43729,0.51386,0.62416,0.5989,0.59443,0.32009,0.6508,0.36464,0.1652,0.12073,0.46779,0.048303,1,1
0.36852,0.27287,0.44652,0.40359,0.50183,0.33597,0.21094,0.35932,0.36594,0.41152,0.66014,0.52198,0.48737,0.58456,0.64187,0.53952,0.40463,0.60373,0.56023,0.57721,0.84119,0.37574,0.80945,0.41223,0.32792,0.00096694,0.46773,0.11318,0,1
0.079882,0.1724,0.019855,0.10066,0.14931,0.066155,0.1603,0.045896,0.039325,0.12984,0.65344,0.32323,0.58543,0.72901,0.59132,0.55147,0.41487,0.56878,0.70462,0.74222,0.9256,0.35876,0.90963,0.36665,0.30515,0.12233,0.46774,0.10977,1,1
-0.0047275,0.096146,-0.0014694,-0.0057511,-0.0027789,-0.004277,0.026008,-0.0012337,-0.0027246,-0.0056441,0.80976,0.11082,0.9094,0.79484,0.69696,0.84971,0.12195,0.84361,0.78259,0.59775,0.50369,0.31384,0.16813,0.064134,0.083131,0.028805,0.46816,0.026745,1,1
0.0054428,0.15666,0.0012391,-0.00056078,0.021626,0.0071119,0.11513,0.0023004,0.0045974,0.010933,0.65012,0.2857,0.79243,0.72313,0.6957,0.59849,0.33924,0.66331,0.67312,0.68903,0.79851,0.34728,0.48277,0.31191,0.29221,0.10504,0.46773,0.11243,1,1
0.055106,0.15604,0.0085384,0.011729,0.064995,0.064331,0.11048,0.0064133,0.027671,0.077625,0.7788,0.51094,0.80437,0.86556,0.73609,0.73061,0.42487,0.59095,0.74029,0.66179,0.14723,0.41626,0.035915,0.20623,0.3286,0.081102,0.46782,0.072197,1,1
0.18717,0.12197,0.13969,0.16061,0.18785,0.12891,0.11089,0.061739,0.099429,0.14302,0.38987,0.54537,0.293,0.44773,0.56698,0.45281,0.53822,0.35273,0.30973,0.52313,0.93361,0.42134,0.93702,0.44297,0.28546,0.0083927,0.46775,0.036639,0,1
0.0029174,0.15088,0.00049572,0.0024147,0.037817,0.030265,0.1042,0.0015353,0.0095689,0.027597,0.62724,0.28295,0.71074,0.68279,0.6586,0.65921,0.28095,0.68365,0.65848,0.68175,0.99229,0.31071,0.95483,0.46322,0.24797,0.09615,0.46774,0.064537,1,1
-0.0054852,0.056452,-0.001689,-0.00612,-0.0033556,-0.0079275,0.014529,-0.0012816,-0.0033287,-0.0060711,0.74853,0.21137,0.78429,0.86427,0.65744,0.7556,0.18068,0.77602,0.72484,0.55621,0.21922,0.39437,0.085044,0.18672,0.080311,0.021077,0.46783,0.0221,1,1
-0.00037087,0.11329,0.00011313,-0.0024988,0.01026,-0.0011029,0.062781,0.00020286,0.0014174,0.019923,0.72915,0.10513,0.87393,0.6921,0.61129,0.6744,0.17802,0.79333,0.68128,0.5365,0.96773,0.37737,0.93028,0.31877,0.15805,0.063307,0.46776,0.14435,1,1
0.2564,0.18792,0.18718,0.15063,0.25715,0.10938,0.11291,0.13026,0.12736,0.26363,0.42367,0.74148,0.46073,0.68578,0.6664,0.5594,0.71103,0.43997,0.65017,0.69482,0.91711,0.34675,0.78559,0.46667,0.15949,-0.0020637,0.4677,0.039157,0,1
0.22076,0.2091,0.15563,0.21512,0.37899,0.15337,0.15862,0.18521,0.14241,0.282,0.57471,0.5776,0.42344,0.52855,0.42646,0.34248,0.50017,0.44384,0.48436,0.5831,0.86905,0.3588,0.86912,0.4431,0.30062,0.017753,0.46776,0.1268,0,1
0.36192,0.35089,0.28405,0.19286,0.27733,0.34934,0.24773,0.2285,0.28588,0.38394,0.61345,0.49498,0.67485,0.79813,0.71045,0.63242,0.46606,0.60904,0.60808,0.74775,0.85519,0.36117,0.7176,0.34461,0.39481,-4.6272e-05,0.46771,0.094724,0,1
0.058605,0.10137,0.01034,0.02047,0.030959,0.019463,0.05659,0.0086464,0.022886,0.0261,0.7939,0.29647,0.67889,0.59975,0.55112,0.65146,0.27546,0.6163,0.62725,0.51713,0.98267,0.30685,0.96837,0.445,0.1368,0.087996,0.46772,0.016084,1,1
0.34095,0.38043,0.246,0.26614,0.40436,0.27413,0.17922,0.26141,0.25013,0.35842,0.69278,0.35265,0.73117,0.71221,0.68527,0.64655,0.46827,0.60997,0.60967,0.65873,0.79484,0.414,0.6725,0.38668,0.33196,-0.0021824,0.46783,0.072654,0,1
0.11741,0.127,0.026302,0.032899,0.071345,0.056873,0.029065,0.043933,0.067349,0.032758,0.48363,0.40804,0.46221,0.50015,0.55488,0.42931,0.3659,0.3137,0.43111,0.19547,-0.0062405,0.39236,-0.0034861,0.28436,0.10274,0.13632,0.468,0.078126,1,1
0.010965,0.18284,0.00083803,0.0032469,0.024906,0.03978,0.074242,0.0060133,0.015999,0.013562,0.76396,0.44214,0.63939,0.74671,0.65635,0.56852,0.43554,0.57298,0.63949,0.65407,0.21749,0.30678,0.1449,0.24948,0.25128,0.1466,0.46804,0.1271,1,1
-0.0049004,0.083821,-0.0015294,-0.005217,0.0029284,-0.001885,0.074777,-0.0010565,-0.0010544,0.024883,0.94935,0.090447,0.98919,0.95916,0.85158,0.92783,0.13018,0.9643,0.95476,0.91311,0.19821,0.33755,0.081924,0.11864,0.43444,0.087731,0.46773,0.1193,1,1
0.11769,0.094777,0.11869,0.11519,0.17297,0.094045,0.055666,0.066039,0.1002,0.093445,0.3822,0.44421,0.2907,0.44877,0.37349,0.29848,0.38164,0.28034,0.33163,0.41019,0.85581,0.37148,0.82329,0.47598,0.10446,0.048788,0.46775,0.041893,1,1
0.57043,0.30975,0.53384,0.52474,0.59524,0.47548,0.12451,0.47756,0.47884,0.52004,0.59734,0.51464,0.29923,0.48552,0.54681,0.36576,0.42081,0.44027,0.3673,0.50069,0.76434,0.38008,0.8557,0.38516,0.25476,-0.0024046,0.46771,0.039769,1,1
0.53694,0.21667,0.37615,0.44155,0.49653,0.36911,0.073633,0.3769,0.35455,0.39678,0.59168,0.5131,0.39131,0.53854,0.51753,0.46009,0.46204,0.45794,0.43453,0.62644,0.91635,0.40391,0.90538,0.44457,0.29338,-0.0025762,0.46774,0.062855,0,1
0.45348,0.31581,0.4308,0.40654,0.51556,0.44123,0.14236,0.38437,0.37776,0.45995,0.45154,0.69015,0.34233,0.48998,0.52754,0.46333,0.58942,0.34406,0.41464,0.51874,0.55948,0.3782,0.65819,0.36159,0.35935,0.00058683,0.46772,0.083531,1,1
0.39,0.2803,0.3261,0.36372,0.40161,0.29272,0.11027,0.32499,0.21803,0.33945,0.43563,0.5028,0.37833,0.39315,0.51127,0.47419,0.49824,0.33842,0.43045,0.49128,0.91457,0.40943,0.82561,0.41012,0.32427,-0.0024663,0.46773,0.062471,0,1
0.37365,0.3731,0.25218,0.29336,0.50033,0.39425,0.24428,0.34538,0.32111,0.38526,0.49238,0.66398,0.3807,0.48959,0.62272,0.44145,0.63954,0.38303,0.42787,0.49597,0.55563,0.34579,0.70553,0.36978,0.39083,0.041434,0.46792,0.16013,1,1
0.20535,0.29133,0.10187,0.11564,0.18615,0.050636,0.10684,0.054984,0.096572,0.073968,0.47254,0.54315,0.29901,0.42751,0.45778,0.33324,0.46578,0.3332,0.32749,0.45162,0.70237,0.39483,0.5051,0.45465,0.22262,0.077456,0.46772,0.079978,0,1
0.012694,0.1053,0.00074832,-0.00024094,0.045564,0.015826,0.08716,-0.000291,0.0019444,0.031306,0.87966,0.17394,0.82242,0.78849,0.68275,0.65355,0.26386,0.7081,0.71296,0.71873,0.9914,0.38697,0.96611,0.29968,0.18888,0.084606,0.46781,0.074102,1,1
0.30246,0.27207,0.28548,0.25472,0.36467,0.34695,0.095742,0.32039,0.2826,0.27429,0.47264,0.48672,0.32451,0.4881,0.53204,0.39685,0.50967,0.33857,0.50689,0.54874,0.56236,0.3825,0.54281,0.41338,0.2189,0.001135,0.46776,0.059885,0,1
0.39566,0.29494,0.28777,0.34427,0.37029,0.32244,0.14681,0.25523,0.28101,0.27651,0.58359,0.55724,0.52933,0.62717,0.6262,0.5459,0.4962,0.5536,0.55639,0.5474,0.86946,0.36568,0.86793,0.35343,0.3068,0.0019293,0.46771,0.057723,1,1
0.19653,0.23848,0.24426,0.16157,0.31659,0.1422,0.14764,0.15314,0.17381,0.24009,0.60819,0.61487,0.56008,0.54573,0.58859,0.43685,0.63921,0.39227,0.46213,0.66247,0.77444,0.37888,0.74604,0.40076,0.33331,0.011286,0.4678,0.10845,0,1
0.25892,0.22015,0.18181,0.25389,0.31818,0.19848,0.155,0.19364,0.26228,0.23432,0.45038,0.61505,0.32185,0.43286,0.59967,0.39555,0.51147,0.46961,0.49231,0.56336,0.71877,0.34051,0.60696,0.34926,0.26552,0.069589,0.46781,0.10656,1,1
0.29549,0.24186,0.28264,0.32353,0.34961,0.28449,0.21369,0.14273,0.29194,0.31681,0.5845,0.55818,0.52615,0.70441,0.57808,0.51079,0.45292,0.50639,0.53857,0.62939,0.91959,0.35758,0.91418,0.30714,0.34757,0.015436,0.46775,0.080372,1,1
-0.0099165,0.03337,-0.0017583,-0.0064549,-0.0079735,-0.0088344,0.011682,-0.0014132,-0.0046592,-0.0074406,0.96118,0.033806,0.98774,0.97321,0.81065,0.97905,0.1091,0.97999,0.97282,0.92901,0.93431,0.399,0.75133,0.09373,0.27667,0.048671,0.46771,0.18407,1,1
0.24669,0.1508,0.23381,0.2531,0.31665,0.19093,0.11949,0.17668,0.25688,0.3233,0.33556,0.62248,0.28265,0.51855,0.59806,0.38577,0.44889,0.34505,0.37339,0.4313,0.81184,0.405,0.8281,0.48749,0.25527,-0.001171,0.46781,0.051808,1,1
0.0094468,0.2466,0.00021231,-0.0017261,0.025521,0.0090999,0.071218,0.00073602,0.0072347,0.0061546,0.52228,0.30662,0.64508,0.56069,0.444,0.52953,0.2602,0.51341,0.57349,0.37848,0.61161,0.36447,0.51314,0.45653,0.13369,0.17017,0.46799,0.05623,1,1
0.24086,0.16645,0.24414,0.27361,0.32894,0.25716,0.1504,0.14933,0.26051,0.2558,0.50341,0.48717,0.34182,0.46863,0.51243,0.35867,0.42576,0.38747,0.35104,0.42309,0.64678,0.36853,0.7711,0.39847,0.26456,0.027456,0.46773,0.070301,1,1
0.36288,0.19055,0.32902,0.3095,0.33772,0.3399,0.096422,0.32681,0.3207,0.33894,0.33022,0.65513,0.33147,0.53686,0.5449,0.32207,0.45707,0.30179,0.34315,0.4463,0.91225,0.37712,0.89203,0.47876,0.30841,-0.001836,0.46773,0.048114,0,1
0.23455,0.1679,0.17146,0.22534,0.29408,0.067527,0.10157,0.1193,0.13505,0.16688,0.4075,0.53569,0.26032,0.28479,0.41856,0.42091,0.54326,0.21575,0.43447,0.3884,0.66716,0.37886,0.60066,0.46572,0.10652,0.01243,0.46783,0.031068,1,1
0.37298,0.20097,0.27761,0.39429,0.38353,0.32105,0.19586,0.22947,0.26401,0.33492,0.4707,0.68796,0.33001,0.7425,0.61091,0.49423,0.4974,0.3929,0.46315,0.58125,0.35296,0.39244,0.38898,0.31123,0.33113,0.0030835,0.46774,0.10577,1,1
0.26555,0.27315,0.19489,0.26499,0.26784,0.17538,0.17068,0.18693,0.16869,0.25913,0.49238,0.4972,0.39529,0.51199,0.58665,0.51263,0.44492,0.32231,0.54313,0.5437,0.61075,0.36476,0.66104,0.36659,0.29567,0.020944,0.46774,0.07331,1,1
-0.0090963,0.029355,-0.0017419,-0.0062461,-0.0065303,-0.0089002,0.0084259,-0.001371,-0.0044334,-0.0071125,0.92258,0.086327,0.95038,0.93244,0.60882,0.82198,0.13828,0.86914,0.88606,0.83882,0.12919,0.26321,0.027127,0.065886,0.070962,0.074892,0.46785,0.031016,1,1
0.31188,0.40152,0.31627,0.22808,0.35944,0.26267,0.17393,0.21604,0.24387,0.2775,0.67181,0.51621,0.51625,0.62366,0.71221,0.47229,0.52055,0.5509,0.51586,0.48863,0.89424,0.42554,0.82011,0.41465,0.27435,-0.0016901,0.46774,0.10361,0,1
0.15002,0.19601,0.24317,0.15629,0.26808,0.17686,0.20432,0.1481,0.16663,0.26238,0.54774,0.49066,0.60416,0.73142,0.7024,0.64673,0.45331,0.54026,0.61282,0.66533,0.6186,0.38738,0.49145,0.35998,0.39107,0.0098445,0.46772,0.13862,0,1
0.35534,0.20194,0.37825,0.46401,0.43103,0.33342,0.13219,0.30667,0.34214,0.43961,0.37813,0.54258,0.25032,0.42362,0.54204,0.41914,0.46913,0.35453,0.3091,0.48751,0.89327,0.39551,0.92364,0.40916,0.22946,-0.0023136,0.46772,0.046398,0,1
0.14773,0.24849,0.14717,0.1314,0.25075,0.13407,0.16571,0.18042,0.14887,0.25762,0.66097,0.49667,0.59585,0.73128,0.64947,0.49461,0.63767,0.51743,0.51562,0.72397,0.82356,0.42243,0.6536,0.41997,0.39238,0.00087392,0.46774,0.090821,0,1
-0.0092499,0.021351,-0.0017421,-0.0063494,-0.0072872,-0.0088656,0.010435,-0.0013941,-0.0045451,-0.0078323,0.81027,0.068044,0.8203,0.77519,0.63293,0.68881,0.091373,0.61624,0.68563,0.61362,0.1409,0.26359,0.065154,0.15133,0.014335,0.004644,0.46793,0.0053748,1,1
0.14618,0.17675,0.048519,0.068618,0.1409,0.083825,0.14654,0.056767,0.11387,0.080727,0.70357,0.41574,0.70972,0.72337,0.69705,0.59831,0.37117,0.62644,0.7525,0.61485,0.88493,0.40507,0.77015,0.37763,0.22835,0.086097,0.46776,0.11056,1,1
-0.0062128,0.091051,-0.0017051,-0.0058482,-8.2429e-06,-0.0055483,0.06122,-0.0012793,-0.0037351,0.0046684,0.9335,0.14584,0.98846,0.973,0.85949,0.95528,0.16335,0.94192,0.95695,0.87888,0.12479,0.41802,0.04765,0.10024,0.43267,0.12759,0.46771,0.16766,1,1
0.2951,0.1877,0.085216,0.25699,0.38545,0.18821,0.13529,0.19418,0.21483,0.22786,0.50378,0.52142,0.52132,0.7128,0.65614,0.53675,0.45337,0.43244,0.65698,0.5824,0.28972,0.36933,0.14472,0.25075,0.28306,0.022507,0.46776,0.11412,1,1
0.62726,0.30643,0.53162,0.59216,0.64069,0.52025,0.15615,0.4263,0.46073,0.60532,0.61805,0.49315,0.37485,0.53332,0.549,0.49498,0.38642,0.4562,0.44395,0.52987,0.89645,0.38734,0.95934,0.42969,0.39678,-0.002584,0.46772,0.069392,0,1
0.51652,0.29468,0.43006,0.43687,0.51643,0.43448,0.14278,0.29309,0.40422,0.42203,0.40426,0.58053,0.26006,0.39168,0.55911,0.32891,0.51485,0.18205,0.18208,0.34668,0.64857,0.38643,0.72273,0.43786,0.32255,-0.0019449,0.46772,0.058456,1,1
0.4235,0.25052,0.36709,0.36726,0.29382,0.28674,0.14784,0.25773,0.31878,0.27936,0.44825,0.66416,0.27205,0.42516,0.60838,0.45154,0.48355,0.32105,0.4228,0.42509,0.83339,0.37275,0.78484,0.4213,0.26577,1.3582e-05,0.46773,0.063103,0,1
0.088166,0.21108,0.12434,0.13607,0.17945,0.11625,0.13495,0.061102,0.10136,0.18284,0.65143,0.4462,0.71725,0.70031,0.69384,0.7358,0.32596,0.6955,0.64864,0.57075,0.6624,0.39667,0.52719,0.3387,0.25134,0.089841,0.46775,0.15552,0,1
0.30523,0.34811,0.22198,0.25833,0.36808,0.22858,0.25007,0.2224,0.20291,0.37209,0.69632,0.59696,0.62203,0.70612,0.74423,0.57167,0.61547,0.48455,0.53434,0.70641,0.87587,0.41191,0.79977,0.4131,0.42555,0.00020841,0.46774,0.17758,0,1
-0.005587,0.05393,-0.0016733,-0.0059542,-0.005487,-0.008482,0.016901,-0.0013233,-0.0041534,-0.0049304,0.77355,0.1153,0.88174,0.83422,0.68568,0.67443,0.086517,0.74989,0.78565,0.66299,0.91844,0.29459,0.79846,0.26027,0.062076,0.0088095,0.46777,0.0082317,1,1
0.039182,0.23182,0.02415,0.016572,0.096392,0.065218,0.093308,0.036981,0.049608,0.032395,0.62854,0.44433,0.47512,0.43332,0.47821,0.25407,0.37537,0.33515,0.34672,0.42296,0.53316,0.36919,0.37911,0.503,0.23769,0.23382,0.46799,0.13346,1,1
0.36103,0.18458,0.33441,0.36853,0.43601,0.2719,0.11544,0.2374,0.25224,0.40408,0.35704,0.50694,0.22939,0.44858,0.45573,0.31214,0.34725,0.26699,0.24034,0.30582,0.74355,0.42356,0.77075,0.46125,0.34743,0.0044236,0.46775,0.068522,1,1
0.40644,0.35823,0.36028,0.31772,0.37356,0.24191,0.10006,0.3598,0.24509,0.31545,0.51811,0.55703,0.32929,0.66205,0.6058,0.56417,0.52046,0.42926,0.55345,0.56022,0.92725,0.40845,0.77154,0.45073,0.27488,-0.0026148,0.46772,0.060809,0,1
0.16936,0.16664,0.075131,0.13745,0.18121,0.14929,0.1137,0.096148,0.11501,0.10343,0.60317,0.40976,0.64389,0.73251,0.6193,0.52707,0.43093,0.44867,0.58807,0.63402,0.27299,0.33311,0.18993,0.33006,0.31528,0.010549,0.46779,0.10695,1,1
0.039676,0.23317,0.009134,0.015961,0.062584,0.021872,0.069962,0.0048064,0.0033302,0.032352,0.55366,0.25012,0.50277,0.65389,0.48154,0.5309,0.23223,0.4412,0.46285,0.52215,0.99634,0.34168,0.98788,0.41333,0.11365,0.15512,0.46782,0.04928,1,1
-0.0093258,0.087755,-0.0017007,-0.0061697,-0.0048164,-0.0082876,0.030651,-0.0013807,-0.004381,-0.0062265,0.76121,0.047302,0.77499,0.57156,0.49615,0.69609,0.12387,0.68749,0.68581,0.55709,0.99978,0.37994,0.99948,0.51276,0.024541,0.0013602,0.46772,0.011037,1,1
-0.0099692,0.0049904,-0.0017627,-0.0064684,-0.0082959,-0.0092838,8.878e-05,-0.0014145,-0.0046956,-0.0081166,0.97914,0.0019503,0.99781,0.95469,0.6867,0.9432,0.0032724,0.96739,0.94135,0.77082,0.26694,0.25531,0.012071,0.055838,0.00044887,-0.0018121,0.46876,-0.0012829,1,1
0.18042,0.10728,0.034648,0.091745,0.14368,0.10904,0.065543,0.041093,0.090775,0.11928,0.53254,0.5377,0.59349,0.64519,0.63071,0.4408,0.39421,0.45158,0.63019,0.51004,0.092975,0.33717,0.069877,0.21164,0.21975,0.052864,0.46772,0.047365,1,1
0.23891,0.21735,0.18795,0.18612,0.2583,0.13091,0.11544,0.1742,0.13936,0.24716,0.61849,0.70723,0.58025,0.71295,0.7243,0.57098,0.69275,0.44927,0.69736,0.68696,0.91494,0.41853,0.7042,0.47065,0.26597,-0.0025089,0.46772,0.079123,0,1
0.16927,0.17018,0.11396,0.15783,0.15926,0.12836,0.11735,0.13306,0.10908,0.20476,0.43042,0.56683,0.56002,0.64337,0.60109,0.50186,0.54066,0.5123,0.55246,0.59301,0.83835,0.37374,0.7458,0.35126,0.31808,0.044698,0.46771,0.11523,0,1
0.15688,0.25032,0.14678,0.12965,0.24157,0.17968,0.17697,0.13078,0.19344,0.21074,0.68178,0.54507,0.70071,0.87004,0.72984,0.6909,0.46598,0.64549,0.70855,0.75083,0.88707,0.34552,0.58354,0.34212,0.36744,0.00022818,0.46771,0.10811,0,1
0.2237,0.12117,0.19944,0.30004,0.26733,0.20177,0.15074,0.21213,0.2039,0.26802,0.26689,0.66878,0.24566,0.58032,0.53789,0.43417,0.49256,0.30323,0.4936,0.5917,0.77489,0.41136,0.75954,0.38644,0.26916,0.00048558,0.46772,0.059992,0,1
0.22206,0.1443,0.17652,0.16369,0.19776,0.10309,0.047529,0.14418,0.15231,0.15886,0.50304,0.52941,0.53199,0.65252,0.6524,0.57269,0.57551,0.53615,0.52429,0.652,0.78201,0.4101,0.56834,0.49771,0.18217,-0.0025788,0.46772,0.058559,0,1
0.049142,0.20279,0.074008,0.11107,0.12085,0.12242,0.14303,0.081688,0.082395,0.057637,0.55469,0.3896,0.44341,0.55224,0.50008,0.63319,0.3949,0.56083,0.53986,0.57525,0.94798,0.36718,0.9562,0.3115,0.20066,0.10216,0.46772,0.061319,1,1
-0.0099505,0.014146,-0.0017627,-0.0064676,-0.0082525,-0.009266,0.0015537,-0.0014145,-0.0046904,-0.0080578,0.98948,0.016576,0.99892,0.97757,0.81329,0.97554,0.022883,0.98473,0.98116,0.95189,0.99439,0.35602,0.80717,0.037373,0.051211,-0.00019633,0.46773,0.012796,1,1
0.34041,0.2769,0.34106,0.29246,0.42137,0.2783,0.13384,0.29388,0.29744,0.31586,0.69342,0.49279,0.55378,0.67673,0.59566,0.5206,0.56734,0.53153,0.45805,0.53336,0.8551,0.43401,0.73379,0.43533,0.30537,-0.002546,0.46788,0.067968,0,1
0.017079,0.17011,0.015787,0.025056,0.084601,0.035086,0.061665,0.003595,0.0086392,0.029114,0.78131,0.30967,0.82504,0.81669,0.70193,0.75765,0.27723,0.68812,0.80536,0.61842,0.93692,0.41167,0.92846,0.2505,0.30497,0.062346,0.46771,0.088017,1,1
0.43737,0.21773,0.28331,0.41589,0.41892,0.25131,0.17853,0.21733,0.2529,0.36888,0.57,0.64474,0.37534,0.59665,0.51011,0.39919,0.53496,0.35024,0.41353,0.46586,0.44796,0.38224,0.47962,0.43786,0.28113,0.0098698,0.46773,0.067195,1,1
0.43841,0.36161,0.23603,0.38572,0.41259,0.25041,0.29204,0.32793,0.38509,0.42508,0.61843,0.52716,0.56522,0.59913,0.70218,0.41011,0.49677,0.48008,0.50224,0.58902,0.51919,0.31973,0.66617,0.39224,0.4178,0.00039593,0.46777,0.14369,0,1
0.19943,0.20093,0.17686,0.17319,0.20053,0.12146,0.17005,0.1498,0.17224,0.21128,0.63111,0.58539,0.55116,0.73502,0.68158,0.49595,0.58103,0.38453,0.46291,0.67534,0.85416,0.34205,0.70381,0.40833,0.24632,0.0034353,0.46787,0.071477,0,1
0.45136,0.23585,0.27146,0.33791,0.38578,0.30245,0.12123,0.26984,0.25518,0.28624,0.46376,0.60025,0.30222,0.51453,0.58966,0.35378,0.55387,0.30497,0.42724,0.52979,0.83273,0.39947,0.73691,0.39936,0.28628,0.0023938,0.46772,0.10907,0,1
0.51494,0.22968,0.51264,0.48676,0.51723,0.3792,0.14425,0.45875,0.37887,0.42708,0.56381,0.61529,0.43007,0.59625,0.61391,0.49772,0.47653,0.45062,0.50017,0.55769,0.92317,0.39425,0.87566,0.4583,0.36689,-0.0022825,0.46775,0.063594,0,1
0.38833,0.15091,0.41309,0.38321,0.39313,0.39626,0.13299,0.29817,0.27009,0.38249,0.37373,0.74509,0.30853,0.53388,0.5866,0.41497,0.65188,0.29816,0.43033,0.59884,0.84442,0.35075,0.59831,0.40151,0.17655,-0.001923,0.46775,0.035544,0,1
0.62787,0.39088,0.51371,0.51145,0.63794,0.5097,0.17,0.4492,0.44724,0.52259,0.53252,0.45561,0.49097,0.61004,0.56615,0.54366,0.31448,0.49079,0.37738,0.53917,0.90382,0.41973,0.83529,0.45475,0.32216,-0.0025993,0.46771,0.063822,0,1
0.048563,0.27631,0.0081241,0.027956,0.085435,0.071374,0.23682,0.0068448,0.023591,0.045286,0.57332,0.28856,0.63149,0.63495,0.63992,0.6566,0.33971,0.50408,0.41014,0.48181,0.87308,0.31352,0.89184,0.39249,0.34151,0.17367,0.4678,0.15241,1,1
0.43956,0.33817,0.48039,0.44423,0.49952,0.33757,0.12416,0.32399,0.39606,0.40176,0.33448,0.54463,0.28272,0.37176,0.53031,0.39698,0.34986,0.34265,0.38179,0.32865,0.8477,0.31204,0.90002,0.47322,0.28186,0.014454,0.46785,0.078841,1,1
0.24523,0.17898,0.31325,0.20362,0.24095,0.16913,0.076027,0.16116,0.1494,0.13133,0.41462,0.63787,0.40949,0.59158,0.53623,0.4277,0.51664,0.44315,0.5965,0.55649,0.85693,0.37452,0.8255,0.37232,0.18783,-0.00021,0.46771,0.047919,0,1
0.066531,0.34972,0.015238,0.042237,0.12923,0.09067,0.23432,0.014325,0.045563,0.17792,0.8882,0.31873,0.88116,0.90415,0.80969,0.81084,0.28616,0.79237,0.78061,0.78332,0.67501,0.43519,0.23643,0.26315,0.48739,0.041755,0.46773,0.15886,0,1
0.23917,0.33861,0.13103,0.13865,0.28684,0.17467,0.2138,0.046802,0.20222,0.18827,0.56489,0.4665,0.24992,0.50131,0.46513,0.38493,0.29935,0.32555,0.30424,0.35628,0.59064,0.34952,0.63259,0.45183,0.26385,0.08644,0.46773,0.071234,1,1
0.37579,0.18197,0.34986,0.38541,0.38455,0.34975,0.13998,0.34746,0.3207,0.32233,0.54103,0.56256,0.47836,0.56303,0.55761,0.48449,0.47449,0.38708,0.50134,0.45907,0.92574,0.41689,0.95285,0.4892,0.26951,-0.0023968,0.46771,0.059769,0,1
0.52822,0.2838,0.47357,0.4459,0.58151,0.42109,0.10599,0.42838,0.39314,0.41591,0.49813,0.67322,0.2746,0.4632,0.576,0.39075,0.5548,0.35123,0.50077,0.57631,0.8759,0.38001,0.92965,0.45267,0.25619,-0.0025379,0.46771,0.047739,0,1
-0.0060827,0.15312,-0.0016363,-0.0055719,-0.0032419,-0.0053245,0.056055,-0.0013288,-0.0032973,0.011468,0.93301,0.090252,0.97033,0.93989,0.8326,0.90679,0.13841,0.92419,0.90415,0.85161,0.95583,0.40879,0.73295,0.15969,0.42335,0.093228,0.46775,0.12499,1,1
0.26741,0.39916,0.25664,0.3578,0.2343,0.31163,0.18806,0.14535,0.2002,0.32138,0.66608,0.47311,0.42356,0.60665,0.65849,0.5023,0.3161,0.54913,0.45673,0.46428,0.88929,0.32612,0.88976,0.3975,0.38443,0.013262,0.46778,0.10735,1,1
0.39964,0.28403,0.28934,0.33164,0.386,0.34748,0.16526,0.2823,0.26521,0.27664,0.45257,0.53169,0.29542,0.48931,0.58881,0.41761,0.47793,0.3104,0.38104,0.48689,0.7055,0.36713,0.79187,0.42969,0.29608,0.0086624,0.46771,0.121,1,1
-0.009172,0.034134,-0.0017615,-0.0064354,-0.0078874,-0.0092008,0.0042173,-0.001414,-0.0046556,-0.0073567,0.97317,0.01642,0.99518,0.96524,0.77629,0.92833,0.018665,0.97405,0.93277,0.87351,0.82348,0.34017,0.27156,0.037064,0.11242,0.0038936,0.46777,0.012987,1,1
0.18549,0.39448,0.073045,0.13557,0.2905,0.20922,0.24984,0.086529,0.14248,0.19165,0.49176,0.43563,0.38675,0.4466,0.59923,0.43168,0.43661,0.41441,0.44143,0.45053,0.8376,0.35385,0.81416,0.44443,0.38355,0.021028,0.46772,0.11062,1,1
0.53434,0.26142,0.49859,0.43405,0.57827,0.52557,0.13625,0.47562,0.45611,0.4477,0.55024,0.51547,0.40868,0.5335,0.56435,0.53927,0.36734,0.52958,0.50932,0.58357,0.85258,0.37655,0.89372,0.44795,0.29244,-0.0024317,0.46775,0.057684,0,1
0.085922,0.15844,0.058131,0.13134,0.12766,0.073197,0.20708,0.047663,0.10874,0.16368,0.69334,0.49851,0.77358,0.83126,0.67146,0.62538,0.49361,0.67777,0.64099,0.6457,0.21798,0.30723,0.1155,0.19264,0.38095,0.11844,0.46778,0.14037,1,1
0.59035,0.52628,0.41037,0.4981,0.624,0.44051,0.26053,0.47131,0.40181,0.56314,0.7086,0.2911,0.68198,0.60822,0.73449,0.55881,0.31486,0.54284,0.44098,0.49501,0.84055,0.3461,0.90181,0.37566,0.42013,-0.002474,0.46772,0.087949,0,1
0.18813,0.2596,0.24052,0.15903,0.30513,0.22765,0.15062,0.12818,0.084518,0.25182,0.50495,0.43181,0.50996,0.63367,0.65239,0.49243,0.48557,0.54269,0.50806,0.53519,0.60803,0.43394,0.32202,0.30766,0.34901,0.058117,0.46778,0.18734,0,1
0.45,0.2409,0.3589,0.4189,0.44179,0.42142,0.17933,0.35226,0.34466,0.30206,0.57071,0.5594,0.42955,0.64465,0.61013,0.43155,0.38729,0.42557,0.40927,0.43482,0.8405,0.38436,0.86642,0.36659,0.35259,-0.0011231,0.46773,0.075516,1,1
0.24016,0.22602,0.070991,0.1321,0.18167,0.12091,0.1911,0.095207,0.095782,0.27926,0.7048,0.52506,0.87458,0.89029,0.77708,0.70705,0.55364,0.80344,0.86878,0.84124,0.63558,0.41782,0.19573,0.29916,0.45831,0.02491,0.46776,0.16988,0,1
0.15634,0.14153,0.12235,0.070044,0.10379,0.11372,0.08883,0.11719,0.14815,0.11068,0.4404,0.45123,0.49185,0.69294,0.4961,0.52075,0.36412,0.52247,0.63088,0.47371,0.48214,0.36198,0.24376,0.25097,0.26667,0.10343,0.46775,0.092265,1,1
0.15068,0.19174,0.14048,0.15237,0.20731,0.092372,0.10463,0.10961,0.1449,0.092786,0.24155,0.41405,0.31274,0.41844,0.29908,0.38596,0.33261,0.28703,0.43891,0.25018,0.26285,0.32857,0.26477,0.3814,0.20693,0.13334,0.46784,0.11265,1,1
0.21897,0.17494,0.20837,0.27006,0.26649,0.1885,0.15925,0.21092,0.33946,0.25088,0.50642,0.72351,0.594,0.66869,0.5722,0.58458,0.61146,0.62596,0.72655,0.66858,0.10481,0.33209,0.071083,0.22087,0.33713,0.092816,0.46779,0.11629,1,1
0.17192,0.20781,0.16284,0.24571,0.24567,0.18481,0.1214,0.090865,0.18968,0.18293,0.57958,0.57811,0.43966,0.63753,0.59385,0.53631,0.48085,0.49094,0.5806,0.53753,0.50163,0.34486,0.51182,0.31844,0.32832,0.077763,0.46786,0.15438,1,1
0.21339,0.25042,0.11339,0.19639,0.26336,0.19125,0.15608,0.12203,0.22968,0.18409,0.51387,0.44158,0.58289,0.43367,0.69084,0.53336,0.28674,0.51188,0.57154,0.41262,0.76019,0.33094,0.75831,0.40262,0.3528,0.011958,0.46775,0.088416,1,1
0.15245,0.23458,0.13841,0.17713,0.17512,0.11802,0.11015,0.052388,0.082707,0.11701,0.35815,0.57426,0.20329,0.49731,0.45944,0.53152,0.46025,0.44498,0.46525,0.44347,0.68195,0.34563,0.70357,0.39698,0.18926,0.10204,0.46779,0.098972,1,1
0.45969,0.28645,0.38042,0.44527,0.44964,0.40853,0.19124,0.30831,0.3217,0.4015,0.57214,0.57041,0.31852,0.54789,0.52728,0.41848,0.51386,0.43355,0.44728,0.55619,0.93356,0.38573,0.92579,0.35455,0.31728,-0.0023203,0.46772,0.076595,0,1
-0.0072389,0.043308,-0.001718,-0.0061613,-0.006827,-0.0084091,0.010091,-0.001352,-0.0042479,-0.0063586,0.48616,0.12445,0.7019,0.57972,0.44772,0.6538,0.11839,0.61114,0.52543,0.28147,0.50981,0.26101,0.20721,0.46099,0.018249,0.022508,0.46772,0.026784,1,1
0.27728,0.20626,0.2777,0.29615,0.35475,0.24217,0.11746,0.23052,0.34486,0.2454,0.70094,0.45102,0.51619,0.61373,0.65321,0.53768,0.39148,0.54883,0.56506,0.55679,0.84404,0.39254,0.79793,0.40398,0.28526,-0.00093359,0.46774,0.091745,0,1
0.14713,0.1579,0.048612,0.072622,0.10801,0.109,0.14615,0.038067,0.045455,0.17376,0.77883,0.283,0.84233,0.82494,0.73372,0.6659,0.29764,0.78616,0.72574,0.70439,0.23099,0.40398,0.05413,0.27493,0.42715,0.044237,0.46772,0.11552,0,1
-0.0035575,0.10383,-0.00036169,0.0042667,0.0098675,0.0093674,0.057626,6.3218e-05,0.0044689,0.014069,0.80726,0.34928,0.75734,0.68902,0.5957,0.69902,0.3513,0.57553,0.63748,0.68194,0.79181,0.27726,0.81982,0.13639,0.21444,0.023025,0.46774,0.028701,1,1
0.46715,0.26779,0.3859,0.38356,0.43619,0.35491,0.20623,0.25321,0.35949,0.44942,0.62399,0.54374,0.43305,0.56094,0.66163,0.43411,0.43985,0.39329,0.43078,0.58076,0.89363,0.38736,0.91,0.42688,0.40585,0.0025951,0.46782,0.1163,1,1
0.1861,0.11423,0.13211,0.1442,0.12244,0.078265,0.094733,0.096833,0.10017,0.15756,0.39806,0.47533,0.40198,0.56756,0.47459,0.4849,0.44336,0.47324,0.41944,0.51539,0.91512,0.3583,0.75665,0.43998,0.19444,-0.0024416,0.4677,0.039968,0,1
0.24037,0.10259,0.21623,0.22795,0.26055,0.19093,0.092714,0.15581,0.1448,0.24462,0.55594,0.48942,0.40641,0.43371,0.4341,0.5098,0.51837,0.44096,0.49543,0.53281,0.95539,0.42325,0.93032,0.41893,0.20687,-0.0021131,0.46771,0.056226,0,1
0.081927,0.14854,0.040373,0.1099,0.11538,0.089477,0.1391,0.028833,0.11698,0.14761,0.57546,0.43992,0.6057,0.67825,0.60361,0.56644,0.44794,0.53189,0.52444,0.55872,0.80926,0.40107,0.59515,0.29795,0.2571,0.1341,0.46774,0.10755,1,1
0.086103,0.16596,0.016685,0.047056,0.078889,0.049739,0.12321,0.018206,0.025222,0.052749,0.4319,0.27359,0.32968,0.46126,0.39682,0.49744,0.32742,0.5027,0.36616,0.46449,0.94224,0.33794,0.94783,0.49816,0.14166,0.10153,0.46774,0.085844,1,1
0.16517,0.26642,0.19131,0.10283,0.2154,0.086904,0.077121,0.086353,0.062005,0.11758,0.31186,0.411,0.27021,0.41065,0.34076,0.37709,0.43854,0.45686,0.42004,0.44718,0.94263,0.37062,0.91057,0.46622,0.15234,0.052934,0.46778,0.064474,0,1
0.27168,0.26063,0.23561,0.20971,0.30864,0.20973,0.20268,0.16074,0.15517,0.33677,0.65227,0.61298,0.55455,0.71148,0.68878,0.53718,0.55649,0.49337,0.61267,0.62631,0.94106,0.37537,0.898,0.4059,0.38375,0.0048195,0.46775,0.14465,0,1
0.075113,0.25472,0.032483,0.089711,0.15824,0.071734,0.16134,0.068331,0.065058,0.076672,0.47493,0.46212,0.3236,0.43702,0.42701,0.29032,0.50987,0.26756,0.41266,0.31362,0.57421,0.2966,0.70697,0.44518,0.24925,0.18696,0.46777,0.10307,1,1
-0.0070211,0.046043,-0.001734,-0.0061729,-0.0049387,-0.0077153,0.010978,-0.0013735,-0.0037304,-0.0028007,0.91017,0.074811,0.95315,0.91594,0.77441,0.87396,0.10561,0.88117,0.84784,0.73837,0.65765,0.35519,0.27404,0.098243,0.23012,0.053062,0.46781,0.042195,1,1
0.28225,0.33454,0.049726,0.22703,0.35929,0.2602,0.26584,0.17684,0.32393,0.42087,0.8724,0.32785,0.93072,0.93805,0.83751,0.89565,0.33657,0.8605,0.91123,0.70927,0.30675,0.32569,0.19466,0.17182,0.4777,0.092244,0.46773,0.25934,1,1
0.23622,0.21734,0.15875,0.25044,0.2909,0.25626,0.22899,0.13613,0.13304,0.18789,0.42724,0.44404,0.49868,0.54028,0.54306,0.43927,0.42006,0.4604,0.4858,0.38936,0.6342,0.30188,0.52853,0.37812,0.32126,0.11664,0.46774,0.12663,1,1
0.22708,0.27253,0.15559,0.22567,0.24592,0.18033,0.16092,0.092527,0.14205,0.16886,0.52577,0.52305,0.52348,0.57396,0.62102,0.62675,0.54741,0.57238,0.68017,0.66304,0.87878,0.43618,0.85997,0.25679,0.23208,0.0079196,0.46775,0.070024,1,1
0.39051,0.29182,0.3746,0.41077,0.51251,0.39801,0.31003,0.22341,0.40086,0.5188,0.72881,0.29583,0.6509,0.75611,0.75476,0.64496,0.31881,0.5719,0.62779,0.73641,0.83151,0.35522,0.84309,0.40449,0.44684,-0.002029,0.46774,0.19529,0,1
0.0072128,0.16691,0.0018531,0.0042425,0.035733,0.0065087,0.11767,-0.00060644,0.0047275,0.058391,0.81038,0.1652,0.8579,0.88211,0.73771,0.795,0.18913,0.80533,0.79108,0.81683,0.96865,0.38657,0.92554,0.25636,0.3466,0.13249,0.46773,0.14114,1,1
-0.0095318,0.037206,-0.0017556,-0.006393,-0.0067714,-0.0088323,0.010933,-0.0014072,-0.0045628,-0.0076629,0.90744,0.092721,0.95088,0.91156,0.48601,0.88295,0.12745,0.88846,0.91258,0.73709,0.95818,0.37472,0.80182,0.2053,0.063832,0.0067713,0.46771,0.020398,1,1
0.40325,0.215,0.44788,0.36221,0.32668,0.37816,0.15812,0.36569,0.34125,0.38745,0.46539,0.54051,0.27777,0.45627,0.54374,0.30868,0.41325,0.28877,0.36079,0.38562,0.31884,0.32446,0.5135,0.38816,0.24567,0.063441,0.46789,0.065368,1,1
0.27822,0.30047,0.090753,0.18341,0.21841,0.21042,0.20557,0.16038,0.23612,0.18362,0.63087,0.43397,0.48882,0.51541,0.57319,0.57478,0.37201,0.50021,0.49021,0.48669,0.54252,0.28464,0.55835,0.34503,0.33268,0.082083,0.46787,0.11637,1,1
0.069824,0.12051,0.018016,0.055298,0.084558,0.029733,0.087587,0.0092356,0.013266,0.050925,0.63136,0.35265,0.64459,0.74672,0.49355,0.55639,0.33505,0.5458,0.60238,0.63967,0.97858,0.28848,0.91599,0.28181,0.17247,0.050528,0.46784,0.036085,1,1
-0.0013128,0.12616,0.00063037,-0.0025468,0.011128,-0.0015399,0.068701,-0.00073487,-0.0023318,0.0025142,0.7618,0.14584,0.69406,0.63409,0.43441,0.6022,0.2419,0.67279,0.56305,0.49226,0.99457,0.34763,0.99081,0.42025,0.14436,0.040528,0.46771,0.033336,1,1
0.052322,0.19299,0.0097048,0.019765,0.079043,0.017924,0.15523,0.0050583,0.032277,0.053187,0.76855,0.27255,0.56146,0.67041,0.42205,0.58689,0.45184,0.57868,0.51079,0.61466,0.97707,0.33079,0.95321,0.42555,0.25818,0.045893,0.46787,0.08373,1,1
0.30097,0.21186,0.25912,0.29322,0.31187,0.22197,0.12697,0.22862,0.18843,0.32572,0.44824,0.49602,0.44273,0.52714,0.51471,0.49227,0.4431,0.46073,0.48595,0.49275,0.9069,0.38569,0.95075,0.41914,0.34105,0.0021557,0.46773,0.090423,1,1
0.19408,0.20621,0.24562,0.31522,0.35997,0.28403,0.11214,0.20765,0.20779,0.28699,0.65048,0.55256,0.45641,0.72024,0.6094,0.53855,0.58486,0.45836,0.53389,0.61332,0.88011,0.3994,0.65623,0.35854,0.31882,-0.0025418,0.46773,0.083448,0,1
0.041692,0.07135,0.011188,0.0083336,0.05689,0.027993,0.045002,0.0020249,0.01057,0.0081169,0.59162,0.26861,0.48714,0.51597,0.44616,0.45798,0.22894,0.51854,0.46975,0.3524,0.86819,0.43286,0.8197,0.39112,0.091343,0.031824,0.46774,0.018,1,1
0.23198,0.18921,0.17588,0.2177,0.30326,0.14402,0.097266,0.157,0.23419,0.22398,0.28085,0.61736,0.25115,0.31681,0.51096,0.2873,0.47028,0.25793,0.26335,0.43523,0.34045,0.36865,0.33237,0.42072,0.2833,0.10648,0.46784,0.11159,1,1
0.090307,0.11085,0.12251,0.074213,0.18422,0.069127,0.11308,0.050319,0.10452,0.11588,0.69595,0.54394,0.65989,0.73336,0.66559,0.54387,0.57802,0.53786,0.68488,0.80033,0.74547,0.38536,0.62268,0.38836,0.24628,0.051705,0.46776,0.086224,0,1
-0.0095615,0.050066,-0.0017587,-0.0064426,-0.0075942,-0.0092325,0.0042813,-0.0014121,-0.0046091,-0.0071685,0.90806,0.053024,0.97713,0.92508,0.55302,0.81566,0.062183,0.92587,0.87025,0.70788,0.96063,0.3437,0.64007,0.11385,0.018469,0.0058208,0.46778,0.0091552,1,1
0.50076,0.32948,0.45632,0.39865,0.53513,0.40791,0.088434,0.36915,0.30668,0.42813,0.69891,0.51245,0.53272,0.73684,0.668,0.64079,0.46408,0.58339,0.66556,0.66203,0.9173,0.41048,0.81587,0.40537,0.2678,-0.0026205,0.4677,0.052818,0,1
0.26383,0.25047,0.22873,0.25012,0.27954,0.26063,0.18568,0.18115,0.29735,0.28513,0.5565,0.47151,0.54932,0.70385,0.5483,0.52374,0.39693,0.41612,0.63757,0.51304,0.18143,0.35948,0.32629,0.33505,0.37715,0.05256,0.46782,0.12936,1,1
0.13034,0.22148,0.048423,0.063169,0.13023,0.13836,0.11912,0.023709,0.033282,0.077967,0.48343,0.38832,0.5287,0.40184,0.39597,0.4534,0.41818,0.4601,0.532,0.53131,0.91911,0.34834,0.93761,0.44527,0.33781,0.12582,0.46772,0.074617,1,1
0.081836,0.26683,0.060521,0.12012,0.17091,0.076296,0.10441,0.042963,0.051679,0.16565,0.6036,0.54057,0.73594,0.79469,0.67976,0.51384,0.40907,0.4919,0.6694,0.70272,0.89326,0.32011,0.72591,0.41162,0.41861,0.055753,0.46778,0.13337,0,1
0.020604,0.080529,0.0071462,0.0081242,0.051492,0.017246,0.046598,0.0074555,0.011391,0.015119,0.5598,0.21735,0.68945,0.63284,0.52035,0.56476,0.31988,0.53114,0.49132,0.66427,0.98434,0.3795,0.93621,0.42638,0.14456,0.0082559,0.46775,0.029289,1,1
0.13407,0.10808,0.030088,0.068802,0.09922,0.065578,0.13088,0.071823,0.089856,0.1587,0.47615,0.31642,0.32242,0.63635,0.44595,0.40258,0.3433,0.35078,0.4474,0.559,0.9775,0.39866,0.98113,0.45501,0.24103,0.015379,0.46774,0.068148,1,1
0.044728,0.16382,0.0027493,0.0024941,0.06409,0.0097207,0.042578,0.003384,0.02352,0.035861,0.81492,0.1677,0.79124,0.77667,0.55515,0.69718,0.11291,0.64717,0.54802,0.4259,0.81693,0.4155,0.66502,0.39885,0.16386,0.041855,0.46777,0.070534,1,1
0.58022,0.41104,0.5574,0.57406,0.59528,0.43979,0.16579,0.43192,0.44551,0.43508,0.46721,0.61392,0.47421,0.63283,0.57368,0.54671,0.55816,0.49808,0.60229,0.56666,0.65784,0.35704,0.55924,0.32391,0.36887,-0.00060931,0.46781,0.086379,0,1
0.10554,0.19636,0.17702,0.18837,0.20273,0.17271,0.14029,0.08814,0.12424,0.21985,0.46788,0.50703,0.44967,0.57641,0.6102,0.56684,0.5191,0.56593,0.65242,0.68361,0.88102,0.44221,0.73647,0.35567,0.28017,0.016789,0.46772,0.09886,0,1
0.046994,0.11513,0.020646,0.021557,0.047195,0.018583,0.08087,0.0056174,0.016205,0.063687,0.73845,0.34214,0.82981,0.80891,0.66819,0.70051,0.38977,0.69334,0.72217,0.78501,0.82459,0.35742,0.67065,0.15669,0.27021,0.063041,0.46778,0.078987,1,1
0.4539,0.24691,0.42187,0.38266,0.42903,0.338,0.14091,0.42892,0.40728,0.38018,0.49216,0.53335,0.27265,0.45906,0.47214,0.40168,0.37626,0.26291,0.25426,0.32889,0.84785,0.37093,0.88668,0.46251,0.31536,0.00040652,0.46774,0.060712,1,1
-0.0083394,0.069168,-0.0017425,-0.0063528,-0.0066428,-0.0084382,0.0075637,-0.0013944,-0.0042905,-0.0044331,0.97218,0.064122,0.98939,0.95694,0.76364,0.95836,0.10464,0.96721,0.95878,0.90291,0.82417,0.36768,0.54945,0.06782,0.27902,0.025789,0.46781,0.08234,1,1
0.029361,0.1803,0.0046835,0.017398,0.034002,0.018467,0.05145,0.0028507,0.011177,0.030298,0.73135,0.35736,0.81695,0.86744,0.63384,0.60052,0.28025,0.72355,0.69886,0.67973,0.72939,0.31337,0.39574,0.32513,0.2643,0.17226,0.46776,0.0625,1,1
0.4127,0.228,0.29578,0.35978,0.39719,0.28109,0.12601,0.22063,0.28733,0.31152,0.47894,0.66526,0.3239,0.5119,0.5661,0.46629,0.54319,0.38591,0.44659,0.44865,0.6534,0.37888,0.73378,0.44005,0.30271,0.034768,0.46774,0.068872,1,1
-0.00052192,0.20405,-0.0015709,-0.0050286,0.0022407,-0.007446,0.049935,-0.0013781,-0.0031969,0.0075648,0.82984,0.080788,0.92132,0.75818,0.60279,0.69139,0.10465,0.63034,0.61222,0.47851,0.98497,0.34598,0.95263,0.47771,0.10198,0.06611,0.46773,0.064921,1,1
0.14803,0.19198,0.10086,0.10256,0.143,0.082376,0.14319,0.0376,0.085526,0.10452,0.61496,0.41645,0.5654,0.64978,0.50246,0.6021,0.39974,0.49721,0.52483,0.46264,0.63214,0.40131,0.57829,0.35094,0.29473,0.044969,0.46772,0.071278,1,1
0.53697,0.31464,0.44534,0.5121,0.6414,0.48331,0.16988,0.45514,0.4698,0.48659,0.67697,0.52405,0.33109,0.54759,0.48964,0.45066,0.45181,0.46952,0.35752,0.50082,0.95044,0.36913,0.96129,0.46993,0.32522,-0.002601,0.46773,0.071088,0,1
0.3959,0.17785,0.37827,0.44894,0.48974,0.36178,0.19566,0.34691,0.34146,0.44845,0.51199,0.54998,0.442,0.65559,0.66134,0.37992,0.50511,0.37319,0.43522,0.48236,0.65459,0.35068,0.68444,0.41943,0.36605,-0.0021254,0.46772,0.10665,1,1
0.25081,0.18059,0.1238,0.14785,0.23061,0.12957,0.12315,0.15117,0.11585,0.21176,0.54817,0.55889,0.58759,0.78522,0.67119,0.42455,0.48275,0.49961,0.52699,0.59355,0.83377,0.38328,0.68378,0.43577,0.34226,0.00053025,0.46771,0.060367,0,1
-0.0068209,0.042704,-0.0016937,-0.0061059,-0.0049443,-0.0079473,0.010132,-0.0013749,-0.0041701,-0.0055516,0.88447,0.079065,0.93488,0.84801,0.69551,0.81554,0.18602,0.88984,0.80608,0.81588,0.94739,0.35484,0.80016,0.18937,0.15017,0.0347,0.46803,0.094705,1,1
0.51146,0.28338,0.47631,0.42731,0.55753,0.41207,0.10522,0.4524,0.34402,0.46012,0.59086,0.63373,0.4324,0.55121,0.68056,0.48073,0.51999,0.42068,0.52153,0.58763,0.83549,0.34666,0.8484,0.47042,0.28749,-0.0025492,0.46773,0.057611,0,1
-0.0018575,0.11986,-0.0013063,-0.005704,0.0055833,-0.0072428,0.066882,-0.001344,-0.0027016,0.018874,0.94628,0.057902,0.97282,0.93812,0.81752,0.89723,0.14481,0.94054,0.93667,0.90994,0.99789,0.44451,0.98326,0.34417,0.16589,0.046179,0.46772,0.076274,1,1
0.20922,0.21406,0.28307,0.19437,0.25596,0.2022,0.15416,0.20056,0.1556,0.28932,0.43941,0.61313,0.33341,0.60858,0.64756,0.39141,0.53388,0.37955,0.48913,0.56568,0.66712,0.34539,0.40787,0.41114,0.30209,0.00232,0.46777,0.11254,0,1
0.35641,0.13596,0.28045,0.33223,0.35161,0.26843,0.096258,0.28295,0.34116,0.36018,0.58885,0.58264,0.50087,0.58291,0.68413,0.48512,0.55079,0.50087,0.49966,0.68993,0.91848,0.38457,0.90332,0.43374,0.29032,-0.0025419,0.46771,0.058816,0,1
0.25068,0.13908,0.28295,0.23384,0.38656,0.20153,0.09148,0.1847,0.20922,0.25328,0.46598,0.67162,0.17744,0.62507,0.42342,0.39869,0.66331,0.30905,0.38653,0.49665,0.60813,0.40915,0.56123,0.42089,0.22105,0.007381,0.46783,0.042512,1,1
-0.009904,0.035197,-0.0017625,-0.0064668,-0.0081709,-0.0092606,0.0044297,-0.0014141,-0.004686,-0.0080058,0.92793,0.025233,0.95952,0.92163,0.75896,0.91557,0.049567,0.91855,0.91906,0.66569,0.99501,0.342,0.98004,0.20629,0.077752,0.0057442,0.46805,0.015343,1,1
0.44161,0.48249,0.3172,0.2893,0.52315,0.50582,0.28658,0.26799,0.51556,0.51632,0.53876,0.4147,0.54027,0.56519,0.65055,0.54064,0.34243,0.56332,0.41059,0.51438,0.89155,0.38589,0.87148,0.48294,0.41285,0.0081407,0.4678,0.19143,1,1
0.0013471,0.071682,-0.0007696,-0.0034287,0.012519,-0.0013645,0.12146,-0.00070322,0.0017304,0.0083332,0.76701,0.10182,0.66497,0.46921,0.62089,0.52698,0.15805,0.67213,0.50608,0.5483,0.97767,0.33192,0.97801,0.44255,0.12982,0.060023,0.46772,0.042795,1,1
0.16143,0.22877,0.22923,0.28776,0.27451,0.1813,0.13446,0.15751,0.17796,0.25134,0.37473,0.63157,0.38786,0.8033,0.61787,0.43495,0.55471,0.45125,0.44509,0.59941,0.87033,0.39036,0.63883,0.46057,0.22864,-0.00079824,0.46771,0.065217,0,1
0.35314,0.36245,0.26804,0.29046,0.40506,0.2826,0.17638,0.2757,0.30546,0.3565,0.39786,0.45857,0.16906,0.39316,0.43269,0.33028,0.45065,0.29447,0.24163,0.36151,0.90637,0.37509,0.93633,0.48469,0.32808,0.0044678,0.46776,0.098899,1,1
0.40145,0.1639,0.26383,0.27556,0.35707,0.22726,0.11643,0.31892,0.35751,0.29855,0.54596,0.56265,0.46231,0.47359,0.55941,0.44933,0.45858,0.45011,0.53371,0.57331,0.92199,0.36984,0.90267,0.43218,0.30664,-0.0011358,0.46773,0.082987,1,1
0.065323,0.24886,0.013567,0.021135,0.11559,0.033104,0.12339,0.0085201,0.034396,0.031748,0.72978,0.32,0.64894,0.68022,0.63234,0.6997,0.30739,0.64144,0.67864,0.48449,0.92482,0.29196,0.86315,0.37483,0.23865,0.056084,0.46778,0.093004,1,1
0.23159,0.27408,0.20293,0.22288,0.18083,0.16461,0.11281,0.13114,0.18938,0.15584,0.62996,0.52843,0.5655,0.69832,0.61785,0.54353,0.48264,0.5393,0.62893,0.62805,0.89147,0.35958,0.70842,0.39318,0.24803,0.041909,0.46772,0.073475,0,1
0.3354,0.1801,0.26869,0.28026,0.33991,0.31566,0.079444,0.32099,0.25482,0.29505,0.52325,0.61111,0.41079,0.61931,0.5873,0.49013,0.53778,0.44258,0.54862,0.54697,0.84561,0.39151,0.83055,0.39891,0.25358,-0.0024581,0.46776,0.043549,0,1
0.016341,0.10478,0.007066,0.011199,0.033831,0.024727,0.040002,0.0065503,0.0090519,0.020829,0.62027,0.29999,0.8765,0.87825,0.70775,0.81174,0.19223,0.83176,0.82777,0.72882,0.33016,0.36141,0.18028,0.22026,0.19083,0.081555,0.46778,0.046252,1,1
0.027447,0.22339,0.018466,0.039115,0.082279,0.035765,0.11521,0.0070184,0.01122,0.076655,0.70418,0.36595,0.72487,0.78223,0.68183,0.61144,0.42189,0.66214,0.6991,0.65232,0.95495,0.42477,0.9298,0.35528,0.24752,0.033352,0.46771,0.12507,1,1
0.0080696,0.22097,-0.0004638,0.00031595,0.017225,0.0061289,0.082048,0.00066669,0.0013154,0.031553,0.86309,0.16783,0.87023,0.80139,0.67736,0.7391,0.14826,0.69985,0.60376,0.55684,0.86874,0.37236,0.75029,0.26119,0.2728,0.086643,0.46788,0.067647,1,1
0.046498,0.1103,0.024496,0.028371,0.045568,0.0041961,0.073259,0.0094305,0.025811,0.034663,0.36552,0.34756,0.3296,0.38008,0.2516,0.43367,0.24262,0.30557,0.25531,0.30743,0.89847,0.36606,0.80921,0.47295,0.083274,0.065711,0.46778,0.03723,1,1
0.026057,0.14736,0.0043983,0.0059252,0.031807,0.025517,0.11028,0.00052898,0.014745,0.036508,0.74322,0.27296,0.79422,0.78149,0.59996,0.59871,0.24436,0.60718,0.69775,0.57877,0.96161,0.38102,0.86098,0.29653,0.27228,0.2347,0.46772,0.095167,1,1
0.44897,0.29196,0.44344,0.51981,0.4399,0.31906,0.10774,0.35994,0.36253,0.42775,0.44282,0.64906,0.35283,0.55309,0.52234,0.40488,0.48402,0.32582,0.43633,0.43608,0.71468,0.3505,0.72915,0.43241,0.25028,-0.00037064,0.46779,0.057509,0,1
0.51973,0.26495,0.44267,0.42438,0.33567,0.35134,0.1777,0.47676,0.39807,0.35871,0.54141,0.66484,0.43938,0.49868,0.62058,0.42007,0.57008,0.31343,0.41389,0.49719,0.88413,0.35891,0.90726,0.44222,0.30985,0.0010892,0.46776,0.082656,1,1
0.047373,0.16305,0.012773,0.04684,0.056195,0.029026,0.088802,0.012691,0.01504,0.053895,0.78588,0.31009,0.84007,0.79244,0.6677,0.68234,0.21077,0.66865,0.68227,0.70605,0.89689,0.36118,0.76555,0.33852,0.29748,0.092722,0.46778,0.069188,1,1
0.42665,0.30844,0.33324,0.39675,0.48848,0.46766,0.2164,0.33735,0.35618,0.45108,0.74231,0.60712,0.65331,0.84251,0.78333,0.73107,0.47597,0.59194,0.6727,0.71432,0.73335,0.38365,0.38742,0.30694,0.44982,-0.0010623,0.46772,0.11455,0,1
0.45562,0.1271,0.38955,0.36898,0.37379,0.30694,0.053096,0.31924,0.28687,0.32522,0.53734,0.59643,0.32235,0.54727,0.51943,0.42312,0.50839,0.34751,0.38428,0.51877,0.87274,0.43008,0.91663,0.46993,0.21011,-0.0025443,0.46774,0.045092,0,1
-0.0099458,0.0035301,-0.0017627,-0.0064674,-0.0082748,-0.0092814,0.00030475,-0.0014145,-0.0046944,-0.0080862,0.97485,0.0051337,0.99705,0.96571,0.72354,0.97109,0.016131,0.9805,0.96112,0.83252,0.97348,0.36552,0.46775,0.067688,0.0056297,-0.0022572,0.46773,-0.00021113,1,1
0.47845,0.29938,0.45584,0.43713,0.51949,0.38529,0.11151,0.2937,0.33064,0.48464,0.44151,0.51032,0.36622,0.54653,0.55921,0.46289,0.38574,0.50237,0.45871,0.46359,0.67899,0.43067,0.79289,0.42906,0.26007,-0.0017534,0.46774,0.062111,0,1
0.20214,0.23477,0.13616,0.18453,0.23839,0.15969,0.20284,0.11796,0.20394,0.26471,0.78725,0.45955,0.66965,0.82804,0.66848,0.62918,0.354,0.60376,0.6916,0.67409,0.56511,0.37339,0.43846,0.40628,0.32293,0.00057016,0.4677,0.12388,0,1
0.38498,0.16641,0.27814,0.36122,0.36122,0.2762,0.12266,0.16886,0.27418,0.28607,0.45027,0.49327,0.25916,0.43135,0.59293,0.32496,0.36655,0.28517,0.22243,0.39571,0.77687,0.37391,0.85559,0.47358,0.31844,0.0060997,0.46772,0.04736,1,1
0.38317,0.27768,0.22955,0.23575,0.25778,0.30904,0.17746,0.27826,0.34402,0.36246,0.72406,0.51396,0.695,0.68133,0.71661,0.62084,0.37535,0.58252,0.60241,0.64452,0.88461,0.34786,0.8609,0.39296,0.33687,-0.0024738,0.46771,0.056726,0,1
-0.0091919,0.02942,-0.0017556,-0.0063682,-0.0074389,-0.0087862,0.016251,-0.0014063,-0.0044631,-0.0070176,0.86841,0.16526,0.88702,0.87405,0.70253,0.78694,0.16065,0.83902,0.84976,0.75678,0.87126,0.33738,0.36165,0.21168,0.052321,0.0081735,0.46779,0.018902,1,1
0.1852,0.26713,0.13556,0.14408,0.26797,0.14373,0.1357,0.085824,0.12516,0.14754,0.52729,0.42189,0.35185,0.51458,0.56555,0.39776,0.37591,0.38093,0.33391,0.35358,0.78196,0.39869,0.79156,0.47056,0.20396,0.019313,0.46775,0.060201,1,1
0.39363,0.19099,0.20667,0.3677,0.29659,0.25939,0.11273,0.24037,0.35643,0.29223,0.55341,0.47408,0.38227,0.55447,0.52792,0.4253,0.37115,0.35153,0.30109,0.37613,0.613,0.32602,0.48649,0.4225,0.21234,0.012528,0.46777,0.071536,1,1
0.48457,0.2472,0.3886,0.44275,0.50015,0.31556,0.10941,0.3368,0.32439,0.38619,0.40457,0.62908,0.26054,0.47316,0.50278,0.41478,0.47855,0.34574,0.32947,0.46149,0.81887,0.39774,0.85754,0.48588,0.22111,-0.0023678,0.46774,0.056517,0,1
0.28222,0.31408,0.39387,0.36736,0.35693,0.29904,0.16374,0.19471,0.25864,0.39537,0.59706,0.51564,0.41353,0.60947,0.5165,0.45371,0.51215,0.53744,0.44251,0.59202,0.86559,0.32826,0.85933,0.31182,0.36758,0.025296,0.4678,0.08704,1,1
0.14597,0.090196,0.017696,0.10358,0.15494,0.15055,0.12968,0.026463,0.073367,0.093911,0.77509,0.40286,0.73559,0.84348,0.64905,0.61689,0.32504,0.52346,0.65329,0.60449,0.071269,0.38573,0.031234,0.20494,0.30084,0.024776,0.46774,0.077106,1,1
0.52866,0.20865,0.49658,0.50322,0.50802,0.3742,0.068082,0.41112,0.45326,0.43607,0.41283,0.59732,0.15834,0.43377,0.44526,0.3198,0.45524,0.25265,0.25006,0.39069,0.85512,0.36188,0.93566,0.50281,0.24469,-0.0024249,0.46772,0.044675,1,1
0.50892,0.30526,0.45155,0.49533,0.50476,0.4206,0.15427,0.32658,0.33452,0.4885,0.32638,0.5959,0.29664,0.30702,0.47891,0.37731,0.53794,0.38297,0.42505,0.50437,0.86847,0.36503,0.88764,0.45126,0.28771,-0.0019803,0.46778,0.074753,0,1
0.31957,0.28312,0.29221,0.27912,0.32012,0.17755,0.091595,0.22,0.16403,0.34006,0.55598,0.68094,0.3775,0.54488,0.68391,0.3286,0.62535,0.36389,0.47881,0.6682,0.88021,0.33008,0.77846,0.49002,0.18958,-0.0017317,0.46777,0.037286,0,1
0.043962,0.26125,0.001566,0.0053016,0.036449,0.017945,0.10646,-2.0183e-05,0.0092454,0.04334,0.91813,0.38172,0.86,0.82206,0.80016,0.80163,0.32352,0.82885,0.87664,0.78435,0.97323,0.3656,0.8124,0.20074,0.29016,0.038057,0.46782,0.10769,1,1
0.0014328,0.07697,-0.00042242,-9.3976e-05,0.013983,-0.001828,0.042971,-0.00035486,0.00041909,0.0088101,0.69362,0.15127,0.74037,0.55186,0.53906,0.55567,0.19422,0.52184,0.5092,0.60021,0.71545,0.30961,0.41416,0.21042,0.11424,0.059158,0.46784,0.073193,1,1
0.45686,0.28307,0.32329,0.41033,0.51805,0.28583,0.077397,0.31594,0.21987,0.3854,0.6608,0.50158,0.57954,0.71573,0.73563,0.46423,0.35916,0.50828,0.5233,0.62121,0.95098,0.43479,0.87421,0.45124,0.28674,-0.002622,0.46771,0.024873,0,1
0.19453,0.17751,0.066761,0.21462,0.304,0.22218,0.13208,0.13777,0.13332,0.15322,0.65185,0.56615,0.68431,0.74233,0.66166,0.57484,0.43798,0.61309,0.68617,0.62511,0.49016,0.37021,0.38689,0.28122,0.37212,0.05995,0.46779,0.12224,1,1
-0.0051501,0.11596,-0.0016797,-0.0060389,-0.0037949,-0.0071627,0.034745,-0.0013821,-0.0041777,-0.003136,0.82019,0.097981,0.89544,0.80108,0.61069,0.62778,0.086349,0.82453,0.75685,0.50606,0.30638,0.32667,0.097453,0.25463,0.069279,0.027943,0.46786,0.021876,1,1
0.30339,0.28818,0.12005,0.20512,0.2815,0.19459,0.23667,0.15488,0.21412,0.2882,0.76497,0.58,0.63186,0.75472,0.70246,0.58427,0.5466,0.59056,0.73501,0.63421,0.38196,0.35731,0.36973,0.20632,0.41352,0.058025,0.46779,0.12994,1,1
0.49972,0.32587,0.47957,0.44935,0.47942,0.39021,0.10274,0.38911,0.43977,0.44635,0.48102,0.5504,0.39159,0.39406,0.55515,0.43843,0.38878,0.38954,0.33619,0.39738,0.84431,0.38409,0.84663,0.44902,0.24388,-0.0023691,0.4678,0.052823,0,1
0.57846,0.33334,0.5556,0.41788,0.56528,0.42707,0.068549,0.40943,0.38497,0.45696,0.61322,0.4147,0.45715,0.53885,0.55769,0.54353,0.38949,0.48467,0.46288,0.57225,0.90126,0.39931,0.8413,0.41653,0.3082,-0.0026003,0.46771,0.068994,0,1
0.15678,0.24159,0.18626,0.21369,0.17313,0.16556,0.13873,0.15819,0.10163,0.27473,0.53095,0.5493,0.28002,0.65886,0.62879,0.45399,0.53415,0.38006,0.47473,0.60288,0.76029,0.40294,0.57526,0.42888,0.28103,0.0050103,0.46773,0.081655,0,1
0.010245,0.13712,0.0001498,0.00017078,0.033294,-0.00061884,0.060607,0.0011035,0.0081759,0.0078292,0.84198,0.090622,0.85013,0.56748,0.59244,0.66155,0.15094,0.77557,0.57748,0.5677,0.98415,0.37607,0.975,0.33242,0.083953,0.014359,0.46787,0.051599,1,1
0.35103,0.26058,0.34752,0.42631,0.4878,0.27348,0.16433,0.26728,0.38774,0.37882,0.55906,0.69918,0.41644,0.52734,0.48058,0.40242,0.40918,0.37367,0.43468,0.51672,0.22903,0.34659,0.15243,0.32988,0.28276,0.017157,0.46775,0.082539,1,1
-0.0094898,0.032347,-0.0017612,-0.0064265,-0.0076458,-0.0090468,0.0071351,-0.0014117,-0.0044914,-0.0077481,0.90368,0.037811,0.97324,0.91931,0.55609,0.83228,0.047786,0.90589,0.8992,0.63861,0.0082401,0.27018,0.0011226,0.1616,0.063709,0.019283,0.46792,0.039824,1,1
0.42351,0.27087,0.39699,0.39476,0.41147,0.32873,0.18277,0.22134,0.26672,0.35626,0.6373,0.55981,0.43565,0.46799,0.61158,0.41192,0.4976,0.32477,0.37672,0.4436,0.88364,0.37604,0.91097,0.48367,0.32303,-0.0025564,0.46774,0.065494,0,1
0.05534,0.39197,0.013398,0.034879,0.052758,0.022176,0.2337,0.0047706,0.040242,0.096784,0.64986,0.27008,0.76276,0.76292,0.53721,0.6932,0.35506,0.68608,0.6493,0.59551,0.88207,0.31344,0.73618,0.42337,0.34688,0.16607,0.46777,0.23865,1,1
0.19231,0.24775,0.18236,0.22894,0.27089,0.20389,0.22516,0.15868,0.14929,0.29053,0.57261,0.63133,0.43671,0.76606,0.70847,0.50164,0.61427,0.49598,0.52744,0.65731,0.8671,0.39927,0.68326,0.40369,0.38701,0.013107,0.46773,0.12049,0,1
0.012528,0.029787,-0.0012603,-0.0042814,0.013642,-0.0038565,0.014681,-0.0010613,-0.000941,-9.078e-05,0.71619,0.16623,0.67614,0.58978,0.45946,0.42331,0.14127,0.50222,0.50539,0.45075,0.043812,0.35897,0.0088451,0.22721,0.03967,0.049838,0.46794,0.022562,1,1
0.31879,0.33329,0.18902,0.32971,0.24735,0.27133,0.25062,0.16711,0.2314,0.29188,0.46305,0.50588,0.578,0.61046,0.68338,0.53563,0.49751,0.49277,0.56545,0.48359,0.29813,0.34018,0.40907,0.40335,0.36728,0.2712,0.46786,0.19065,1,1
0.21565,0.1454,0.25805,0.19205,0.20688,0.13021,0.030054,0.15869,0.11133,0.1926,0.60015,0.65344,0.34209,0.63804,0.64238,0.44758,0.61836,0.35129,0.49591,0.57708,0.91459,0.43204,0.78929,0.4668,0.12792,-0.0026189,0.46771,0.025897,0,1
0.14104,0.29071,0.038147,0.13181,0.1668,0.11882,0.13397,0.025422,0.065457,0.205,0.56756,0.38605,0.59471,0.74175,0.61528,0.55548,0.32243,0.65425,0.62854,0.66847,0.36759,0.35579,0.11945,0.37106,0.28153,0.032974,0.46772,0.16352,0,1
0.1819,0.2076,0.11605,0.15373,0.18907,0.16507,0.13303,0.15943,0.15188,0.2077,0.5581,0.43175,0.5086,0.49256,0.53527,0.44419,0.54351,0.46724,0.55177,0.61294,0.87503,0.42135,0.72922,0.4729,0.22844,0.00082784,0.46779,0.082646,0,1
0.095057,0.10352,0.10264,0.16134,0.099773,0.08431,0.10994,0.067529,0.083631,0.073334,0.67015,0.49332,0.58,0.7239,0.67555,0.53438,0.56801,0.53063,0.6649,0.61417,0.93604,0.38336,0.95477,0.32768,0.22475,0.010786,0.46772,0.040038,1,1
0.47619,0.26721,0.42564,0.38504,0.45796,0.28831,0.10349,0.31765,0.34399,0.33694,0.65952,0.46926,0.50565,0.61019,0.63795,0.52041,0.42298,0.52355,0.52087,0.56028,0.85844,0.42172,0.84364,0.44517,0.26786,-0.0024496,0.46773,0.05381,0,1
0.23575,0.18562,0.11072,0.13487,0.19353,0.11722,0.098522,0.12944,0.20629,0.15211,0.34551,0.60561,0.35478,0.54335,0.57849,0.53071,0.58384,0.41828,0.54976,0.63803,0.86702,0.42161,0.8405,0.47128,0.26017,0.0030761,0.46772,0.059113,0,1
0.19811,0.17914,0.16798,0.16607,0.26358,0.18866,0.17414,0.12544,0.18523,0.15667,0.4713,0.48202,0.40706,0.41113,0.41116,0.4084,0.5392,0.34304,0.46636,0.511,0.81671,0.34005,0.84605,0.3864,0.24949,0.043281,0.46777,0.063934,1,1
0.2869,0.15866,0.15326,0.23826,0.27683,0.12012,0.15606,0.10562,0.081135,0.24435,0.53496,0.67425,0.5237,0.57615,0.54829,0.41764,0.61514,0.47918,0.51301,0.63991,0.80045,0.35968,0.60288,0.40067,0.2036,0.011516,0.46778,0.029695,0,1
0.2816,0.25026,0.21932,0.31802,0.22996,0.2843,0.15504,0.17311,0.21748,0.19762,0.36066,0.5493,0.38808,0.42883,0.49115,0.44435,0.5515,0.36839,0.46699,0.47979,0.78021,0.38355,0.82849,0.40431,0.27224,0.012815,0.46778,0.07417,1,1
0.44761,0.3263,0.27546,0.41126,0.4342,0.32809,0.16383,0.29438,0.27832,0.31662,0.43517,0.66324,0.44991,0.63481,0.58719,0.53055,0.65711,0.41351,0.51391,0.50445,0.63173,0.36115,0.57288,0.3975,0.33381,0.0051141,0.46777,0.092241,0,1
0.28006,0.42523,0.16984,0.23204,0.33079,0.26808,0.18241,0.17409,0.22777,0.29112,0.72319,0.48696,0.57612,0.6743,0.63051,0.54985,0.46931,0.5557,0.62596,0.64859,0.88983,0.35905,0.58529,0.40608,0.236,0.0062536,0.46774,0.10736,0,1
0.036146,0.16846,0.016226,0.030916,0.061176,0.045019,0.11154,0.022597,0.027526,0.035728,0.49082,0.21953,0.41391,0.41815,0.36051,0.33523,0.29908,0.3314,0.27463,0.24399,0.9235,0.32193,0.91135,0.48922,0.17074,0.11224,0.46774,0.067706,1,1
0.13512,0.26468,0.23963,0.14356,0.16692,0.11642,0.13292,0.23189,0.12827,0.15086,0.49585,0.55892,0.50803,0.73274,0.63094,0.39542,0.51682,0.55366,0.67516,0.54018,0.45143,0.37788,0.35614,0.3566,0.30557,0.090815,0.46774,0.15491,0,1
0.41706,0.27695,0.37441,0.38235,0.39861,0.30998,0.092649,0.28641,0.34852,0.35879,0.37546,0.59436,0.27651,0.47078,0.50054,0.3544,0.49706,0.31688,0.35983,0.46665,0.84918,0.32735,0.85634,0.44692,0.22725,-0.0020656,0.46773,0.045781,0,1
0.0030951,0.096347,0.00056253,-0.00027075,0.032451,0.0016469,0.039386,0.0016114,0.0045545,0.015842,0.76787,0.12522,0.80354,0.66204,0.64421,0.70552,0.23415,0.73804,0.56488,0.71055,0.95208,0.41027,0.90624,0.28909,0.1745,0.050217,0.46775,0.060998,1,1
0.21489,0.1616,0.20529,0.18706,0.19412,0.16843,0.13632,0.1097,0.18016,0.23579,0.53445,0.55466,0.38361,0.57921,0.61598,0.3676,0.50422,0.38498,0.42775,0.59039,0.82503,0.37502,0.75697,0.3539,0.3106,0.00027332,0.46771,0.060692,0,1
0.25458,0.17607,0.17941,0.24571,0.23407,0.14979,0.1776,0.13197,0.15333,0.20657,0.54798,0.51603,0.43511,0.63413,0.56276,0.50432,0.59703,0.50066,0.54136,0.5855,0.85987,0.40483,0.87081,0.34451,0.35569,0.029144,0.46772,0.080843,1,1
0.40842,0.31336,0.36895,0.33996,0.44591,0.32865,0.11962,0.3724,0.33105,0.35832,0.58856,0.54534,0.34583,0.41047,0.5138,0.37298,0.45715,0.41996,0.35989,0.5246,0.89837,0.3516,0.87966,0.45223,0.27717,-0.00040914,0.46775,0.058729,0,1
0.47905,0.27686,0.46731,0.35937,0.51166,0.32066,0.092726,0.31676,0.3098,0.37484,0.57853,0.62935,0.46896,0.63381,0.65069,0.50454,0.49552,0.49943,0.47584,0.52455,0.89682,0.40294,0.81591,0.43595,0.32287,-0.0026132,0.46772,0.047982,0,1
0.27256,0.25314,0.27795,0.30544,0.37574,0.2818,0.11374,0.23216,0.26008,0.32913,0.49636,0.60155,0.40432,0.61811,0.54956,0.44211,0.50998,0.37661,0.4267,0.52302,0.77215,0.38292,0.6895,0.40819,0.19867,-0.0017841,0.4677,0.058947,0,1
0.1335,0.36045,0.052201,0.070595,0.2397,0.062076,0.25822,0.041902,0.14173,0.084703,0.62709,0.49421,0.53082,0.5881,0.6473,0.47453,0.44707,0.35633,0.54691,0.64979,0.78371,0.30145,0.59821,0.40311,0.31693,0.080477,0.46771,0.17203,1,1
0.22361,0.31389,0.16901,0.30399,0.33013,0.22643,0.22193,0.096402,0.18683,0.27036,0.42759,0.63237,0.33503,0.46914,0.51687,0.39013,0.55267,0.41507,0.55942,0.54544,0.63616,0.33259,0.58113,0.35967,0.27387,0.099007,0.46775,0.10982,1,1
0.16174,0.25468,0.059758,0.10782,0.22268,0.16177,0.13366,0.11442,0.23557,0.10369,0.725,0.50789,0.72653,0.78689,0.59289,0.6585,0.31875,0.59644,0.73825,0.54301,0.0075114,0.34275,0.011711,0.1378,0.34582,0.074985,0.46775,0.10456,1,1
0.26188,0.19223,0.31189,0.24877,0.28026,0.28406,0.090058,0.21318,0.2211,0.253,0.39951,0.6451,0.24487,0.52595,0.6615,0.51527,0.57888,0.377,0.44188,0.5932,0.88659,0.37323,0.8182,0.37549,0.27313,0.0060362,0.46776,0.048784,0,1
0.037733,0.21362,0.01787,0.048046,0.11345,0.087282,0.098862,0.01001,0.076,0.12317,0.84565,0.43373,0.8475,0.93246,0.79988,0.79014,0.36189,0.75019,0.88906,0.83863,0.8292,0.40015,0.48676,0.24428,0.36631,0.062417,0.46772,0.1223,0,1
0.14856,0.28306,0.044567,0.095392,0.17362,0.16715,0.19735,0.028266,0.096121,0.18503,0.65915,0.4628,0.84776,0.87304,0.76389,0.68187,0.3534,0.71065,0.83488,0.69522,0.3372,0.29975,0.13564,0.26011,0.41229,0.062468,0.46772,0.16437,1,1
0.28471,0.16941,0.12315,0.14201,0.20331,0.093569,0.11167,0.092945,0.18325,0.13815,0.79558,0.49646,0.65199,0.70634,0.68264,0.61605,0.27943,0.49145,0.65743,0.6013,0.37633,0.40715,0.2122,0.27987,0.31901,0.046763,0.46782,0.08357,1,1
0.082924,0.21581,0.019168,0.024195,0.091948,0.071047,0.12873,0.011543,0.065863,0.074728,0.66694,0.39513,0.67057,0.66428,0.59005,0.54425,0.35444,0.48578,0.56686,0.6349,0.78273,0.33818,0.6471,0.38613,0.30205,0.10121,0.46779,0.11773,1,1
0.04648,0.17843,0.0084497,0.016888,0.034622,0.015884,0.077029,0.0079746,0.032634,0.021683,0.66358,0.43859,0.60387,0.66735,0.4963,0.43286,0.38917,0.45953,0.53308,0.42841,0.66988,0.33415,0.4833,0.34236,0.22385,0.10077,0.46776,0.058802,1,1
0.35669,0.20065,0.34435,0.38391,0.40187,0.33527,0.072452,0.30969,0.23625,0.29281,0.4489,0.59169,0.26432,0.41906,0.50743,0.35306,0.50927,0.31637,0.40912,0.37965,0.88692,0.41088,0.89782,0.48973,0.13489,-0.0025973,0.46771,0.039754,0,1
0.26393,0.20055,0.13353,0.16313,0.21444,0.19146,0.11434,0.16183,0.17772,0.16595,0.57441,0.42003,0.36794,0.50844,0.52806,0.51446,0.38309,0.56677,0.63757,0.4919,0.97475,0.35945,0.94929,0.43946,0.23465,0.021562,0.46774,0.062777,0,1
0.23165,0.23052,0.16268,0.188,0.2535,0.21756,0.13965,0.17779,0.15731,0.1956,0.41727,0.56402,0.27998,0.49359,0.50705,0.31102,0.46275,0.30812,0.41395,0.47797,0.87409,0.39347,0.89111,0.46266,0.28767,-0.00039088,0.46771,0.060172,0,1
0.30077,0.19912,0.29839,0.30796,0.30334,0.23533,0.092426,0.22985,0.18907,0.26877,0.55746,0.53296,0.41155,0.46077,0.48788,0.41273,0.57174,0.43601,0.5059,0.58752,0.83495,0.3794,0.85854,0.36867,0.21027,-0.0003979,0.46773,0.046583,0,1
0.045682,0.22399,-0.00030966,0.0037748,0.090196,0.063123,0.048073,0.0028882,0.04761,0.041122,0.83261,0.31319,0.89626,0.8994,0.7324,0.74162,0.16986,0.73123,0.77239,0.59516,-0.0075689,0.37716,-0.0046734,0.051472,0.39103,0.10523,0.46801,0.10391,1,1
-0.0090917,0.050464,-0.0017592,-0.0064366,-0.0078084,-0.0090949,0.0024107,-0.0014116,-0.0045912,-0.007862,0.77857,0.008093,0.8172,0.66698,0.36271,0.76721,0.025526,0.7573,0.63235,0.34005,0.98379,0.37075,0.8516,0.51468,-0.0034251,0.0024463,0.46775,0.00029653,1,1
0.004671,0.18742,0.0042189,0.0077944,0.013519,0.010537,0.084018,0.0019064,0.016686,0.017373,0.62187,0.22893,0.69045,0.6871,0.51939,0.68059,0.33694,0.6691,0.55225,0.59249,0.72207,0.31834,0.65283,0.32801,0.12172,0.077582,0.46782,0.070155,1,1
0.28464,0.24044,0.12432,0.27246,0.25446,0.12513,0.15533,0.17188,0.16357,0.18063,0.43154,0.57701,0.25195,0.44392,0.45615,0.26318,0.51373,0.20081,0.28294,0.44464,0.33607,0.35128,0.29124,0.50293,0.22522,0.052366,0.46784,0.093947,1,1
0.23037,0.13839,0.1389,0.23494,0.15367,0.13726,0.11686,0.13988,0.23381,0.24103,0.37063,0.45446,0.34991,0.56371,0.6131,0.36897,0.45643,0.27197,0.23266,0.38791,0.87159,0.40614,0.80451,0.4673,0.22656,0.0010881,0.46776,0.054486,1,1
-0.0095789,0.052371,-0.001748,-0.006447,-0.0055874,-0.0088749,0.01193,-0.0014114,-0.0045879,-0.0066423,0.89752,0.058358,0.89897,0.72651,0.61671,0.8311,0.083482,0.83485,0.77653,0.65982,0.99997,0.43321,0.99986,0.46309,0.04148,-0.0018107,0.4677,0.0069763,1,1
0.067045,0.12225,0.020642,0.026292,0.083101,0.033744,0.095609,0.0084517,0.046773,0.015929,0.73571,0.35114,0.76766,0.8526,0.60921,0.78193,0.4386,0.71215,0.79504,0.7204,0.19727,0.40903,0.04769,0.20032,0.27005,0.10371,0.46773,0.10997,1,1
0.14648,0.19724,0.051145,0.138,0.13603,0.10516,0.13323,0.054874,0.099643,0.15665,0.59725,0.56857,0.65958,0.79562,0.77821,0.63699,0.62439,0.63328,0.70363,0.77492,0.94614,0.41697,0.6659,0.38307,0.33065,-0.00081173,0.4677,0.097636,0,1
0.30924,0.25949,0.31236,0.25242,0.27489,0.18399,0.1161,0.21153,0.21003,0.24063,0.60214,0.49164,0.41349,0.68491,0.60751,0.53251,0.50216,0.49178,0.60406,0.69435,0.83321,0.36615,0.78037,0.32781,0.23511,0.0011256,0.46776,0.075264,0,1
0.59924,0.30557,0.52051,0.51589,0.57363,0.47362,0.1431,0.45995,0.40173,0.50648,0.51006,0.56701,0.48842,0.52255,0.60872,0.48978,0.41406,0.46637,0.44587,0.50611,0.7694,0.35026,0.77625,0.40485,0.31378,-0.0023434,0.46773,0.073645,0,1
0.00892,0.086084,0.0021355,0.0008931,0.058523,0.014943,0.10995,0.001657,0.00014418,0.056486,0.68465,0.18864,0.77366,0.70254,0.56188,0.70745,0.36142,0.6724,0.51571,0.62181,0.9162,0.45718,0.8694,0.29725,0.3188,0.089629,0.46772,0.072979,1,1
0.56297,0.31144,0.439,0.4348,0.53426,0.44586,0.15057,0.39824,0.42076,0.47011,0.43808,0.59368,0.38549,0.41892,0.628,0.47397,0.52318,0.41366,0.4225,0.45473,0.77529,0.33902,0.82022,0.40972,0.3386,-0.0022676,0.46776,0.068935,1,1
0.21315,0.24203,0.18391,0.30218,0.30836,0.20477,0.13963,0.17431,0.19537,0.33308,0.38236,0.68405,0.26859,0.52195,0.6145,0.42813,0.63516,0.3359,0.42073,0.68931,0.80002,0.39002,0.75767,0.46692,0.22644,0.020561,0.46773,0.11516,0,1
0.28918,0.20221,0.30618,0.24576,0.32874,0.19607,0.082051,0.27734,0.23532,0.30363,0.55806,0.54661,0.42888,0.64038,0.62718,0.52613,0.60056,0.45014,0.4984,0.63822,0.86441,0.40079,0.78394,0.47124,0.27715,-0.0026137,0.46773,0.08565,0,1
0.02413,0.081926,0.0073537,0.033019,0.044346,0.024078,0.047081,0.0050823,0.025966,0.049246,0.82399,0.21178,0.83039,0.73406,0.54533,0.73857,0.2786,0.73537,0.67291,0.72932,0.72007,0.38651,0.35188,0.22416,0.23525,0.13634,0.4678,0.046874,1,1
0.00059964,0.093032,-0.0013231,-0.00067096,0.0085288,0.002076,0.086183,0.0020264,0.0011625,0.0015976,0.769,0.15904,0.9247,0.85404,0.65915,0.73307,0.26035,0.79288,0.89521,0.71947,0.47878,0.34166,0.20379,0.30219,0.22504,0.11822,0.46779,0.11033,1,1
-0.0063549,0.03033,-0.0016539,-0.0061647,-0.0051399,-0.0078957,0.010045,-0.0013936,-0.0037599,-0.0056687,0.88195,0.085968,0.9287,0.67603,0.63357,0.75684,0.13235,0.83122,0.82495,0.62273,0.81743,0.43465,0.44526,0.21562,0.090603,0.0058203,0.46776,0.016281,1,1
0.40823,0.25693,0.39041,0.3911,0.47841,0.323,0.15964,0.26867,0.31818,0.38673,0.5644,0.50656,0.45746,0.53333,0.46346,0.36035,0.50825,0.38834,0.45526,0.51026,0.71911,0.35267,0.73808,0.43317,0.25076,-0.0016111,0.46773,0.055812,0,1
0.25773,0.28698,0.11581,0.18539,0.2942,0.17752,0.15914,0.18837,0.22281,0.17675,0.49728,0.50487,0.37736,0.42619,0.61617,0.40868,0.53311,0.36482,0.47845,0.46065,0.71593,0.35302,0.83791,0.44651,0.32989,0.072593,0.46775,0.09402,1,1
0.083725,0.17577,0.060953,0.11161,0.13208,0.098447,0.10831,0.054245,0.0936,0.13142,0.35296,0.53595,0.27597,0.50269,0.27309,0.50301,0.35787,0.38975,0.30694,0.31073,0.14845,0.35969,0.12473,0.36388,0.17601,0.1122,0.46772,0.050277,1,1
0.25757,0.27297,0.33467,0.2451,0.32457,0.29051,0.16889,0.27188,0.29442,0.34281,0.53766,0.67431,0.44596,0.71085,0.58351,0.52704,0.65679,0.47954,0.57085,0.68197,0.87035,0.38858,0.75369,0.38953,0.33441,-0.0022381,0.46774,0.074671,0,1
0.028096,0.17144,0.0059012,0.010703,0.060909,0.033633,0.10665,0.002844,0.01187,0.022833,0.82249,0.42109,0.75905,0.68999,0.6895,0.72108,0.36509,0.75814,0.69937,0.69702,0.88874,0.37517,0.79674,0.24446,0.37397,0.14333,0.46776,0.13951,1,1
0.055077,0.15741,0.018688,0.022659,0.075214,0.019777,0.083947,0.0091166,0.042486,0.036876,0.54243,0.33406,0.36746,0.37955,0.35112,0.37,0.35167,0.25175,0.41287,0.2774,0.96432,0.35277,0.96439,0.49927,0.18198,0.025562,0.46774,0.07296,1,1
0.30079,0.25694,0.16537,0.30829,0.40622,0.31372,0.17094,0.26569,0.27051,0.29028,0.37888,0.50025,0.30736,0.50879,0.52049,0.49479,0.49638,0.34406,0.36274,0.50022,0.92104,0.36876,0.94342,0.44115,0.37261,0.0069858,0.46778,0.097626,1,1
0.16536,0.19531,0.068634,0.13843,0.081728,0.030944,0.15785,0.013971,0.043509,0.11727,0.73867,0.2622,0.77669,0.64495,0.67721,0.61293,0.3255,0.68653,0.68569,0.79155,0.98632,0.39249,0.90017,0.44608,0.30149,0.043544,0.46772,0.096377,0,1
0.07182,0.16327,0.048996,0.057646,0.099996,0.079707,0.18837,0.031485,0.025778,0.087038,0.75405,0.28377,0.70945,0.59746,0.60728,0.67042,0.39412,0.72586,0.67858,0.7168,0.99271,0.33151,0.99326,0.40142,0.29833,0.014672,0.46772,0.082554,1,1
0.32454,0.26497,0.29889,0.32071,0.22641,0.19273,0.15226,0.16428,0.19916,0.25808,0.48931,0.6726,0.38842,0.71333,0.62006,0.45328,0.59753,0.34397,0.46264,0.5696,0.73315,0.36178,0.59821,0.4406,0.19169,-0.00034601,0.46773,0.05955,0,1
0.063135,0.13558,0.0084166,0.03666,0.090072,0.047428,0.11661,0.017774,0.043338,0.13044,0.75627,0.4829,0.79902,0.77462,0.73254,0.65476,0.40231,0.64843,0.7495,0.62693,0.066266,0.32941,0.067554,0.22454,0.31261,0.094623,0.46776,0.19325,1,1
0.41909,0.26617,0.40523,0.37098,0.47524,0.32116,0.13763,0.29843,0.27339,0.34923,0.64546,0.53797,0.55396,0.74234,0.66935,0.55088,0.45955,0.58276,0.55927,0.64714,0.91417,0.3545,0.7993,0.38764,0.27246,-0.0025181,0.46771,0.070316,0,1
-0.0081963,0.08203,-0.0014546,-0.005714,-0.0027088,-0.0079787,0.013048,-0.0013337,-0.0037531,-0.0026263,0.85704,0.13358,0.83375,0.84076,0.63239,0.85743,0.14456,0.85168,0.83683,0.68123,0.96988,0.39056,0.8983,0.16353,0.097301,0.052717,0.46804,0.053008,1,1
0.29754,0.16125,0.32376,0.26699,0.28534,0.24963,0.097096,0.27156,0.26604,0.26874,0.56588,0.51162,0.40273,0.5086,0.61376,0.47752,0.51946,0.40382,0.51484,0.60091,0.82766,0.37527,0.80931,0.46362,0.24921,6.3882e-05,0.46772,0.066102,0,1
0.16093,0.13455,0.10683,0.21752,0.24743,0.15931,0.070754,0.055404,0.1351,0.15711,0.43696,0.46508,0.3519,0.40333,0.6137,0.46258,0.46189,0.38261,0.29095,0.3488,0.75394,0.41679,0.81625,0.46539,0.24432,0.011859,0.46772,0.044515,1,1
0.39041,0.26985,0.40341,0.37279,0.443,0.39386,0.15932,0.28582,0.41395,0.40451,0.4182,0.54904,0.25531,0.55965,0.54625,0.40025,0.42377,0.36137,0.40474,0.39285,0.38584,0.3497,0.46669,0.39819,0.30989,0.0081894,0.46771,0.063482,1,1
0.07875,0.31845,0.056691,0.089028,0.12252,0.060801,0.18448,0.015545,0.042971,0.13725,0.57744,0.44643,0.48755,0.55185,0.48952,0.5416,0.47684,0.46412,0.4705,0.4874,0.92893,0.39234,0.82219,0.41854,0.29412,0.15765,0.46773,0.12587,1,1
0.22817,0.23513,0.21252,0.25002,0.30001,0.16722,0.14697,0.14971,0.11174,0.23303,0.55346,0.51952,0.5251,0.71208,0.65231,0.50083,0.49087,0.48893,0.55897,0.56851,0.94466,0.40692,0.91199,0.46272,0.25997,-0.0026026,0.4677,0.061849,0,1
0.26328,0.19826,0.29794,0.26507,0.32102,0.25672,0.080001,0.31149,0.26707,0.2206,0.43972,0.63083,0.36072,0.473,0.54392,0.4342,0.54076,0.32327,0.48742,0.467,0.84578,0.37578,0.75159,0.40198,0.14778,-0.0023919,0.46772,0.043915,0,1
0.31414,0.32343,0.16578,0.2573,0.28409,0.27582,0.22904,0.19901,0.20951,0.3419,0.56142,0.47195,0.46671,0.61384,0.58749,0.59604,0.54487,0.54047,0.56092,0.59077,0.89999,0.38787,0.92616,0.44086,0.37764,0.031024,0.46777,0.1637,1,1
0.029129,0.14792,-0.0002937,0.0036438,0.034865,0.0052089,0.10081,0.0022641,0.012687,0.0053489,0.63653,0.23979,0.64455,0.72915,0.47196,0.56946,0.30028,0.64885,0.63682,0.46752,0.28603,0.32747,0.09794,0.3176,0.2118,0.063429,0.46793,0.094841,1,1
0.39293,0.16701,0.46693,0.39013,0.42448,0.33418,0.070092,0.35146,0.4682,0.38149,0.44888,0.53758,0.36839,0.48675,0.48793,0.43958,0.39529,0.36473,0.40285,0.31667,0.58697,0.37498,0.65707,0.44926,0.19408,0.0013877,0.4678,0.061995,1,1
0.41039,0.40988,0.38683,0.34933,0.42964,0.29185,0.15406,0.33056,0.30006,0.33333,0.50125,0.48752,0.49156,0.55023,0.66421,0.52128,0.46662,0.56197,0.47926,0.55452,0.88834,0.40354,0.78129,0.36025,0.32122,-0.0019587,0.46775,0.099954,0,1
0.013438,0.14473,0.0040729,0.0078421,0.027571,0.01012,0.13009,0.0015454,0.0076915,0.055811,0.84522,0.25963,0.86266,0.87423,0.71383,0.7608,0.35707,0.68641,0.84754,0.6589,0.96701,0.34645,0.96198,0.26973,0.36313,0.052941,0.46773,0.11355,1,1
0.060073,0.20499,0.01459,0.031265,0.076943,0.04484,0.10071,0.026256,0.03486,0.057353,0.77827,0.37329,0.64073,0.62728,0.62143,0.61857,0.25442,0.58093,0.59464,0.51031,0.89662,0.38227,0.86642,0.3799,0.31711,0.018594,0.46776,0.064255,1,1
0.50635,0.29438,0.48828,0.46071,0.56014,0.47887,0.13272,0.42835,0.39504,0.48131,0.50963,0.5134,0.40566,0.57396,0.48565,0.50264,0.42974,0.40877,0.40615,0.42119,0.79914,0.40761,0.79711,0.46442,0.30583,-0.0018993,0.46773,0.078107,1,1
0.53086,0.15963,0.52091,0.49178,0.54477,0.41073,0.062726,0.42442,0.37605,0.44179,0.46245,0.56227,0.30238,0.37551,0.48484,0.40974,0.48011,0.32183,0.3598,0.41123,0.85943,0.41742,0.90724,0.5256,0.18393,-0.0025899,0.46771,0.048857,0,1
0.10178,0.14016,0.039056,0.062504,0.11829,0.10044,0.094783,0.037717,0.057313,0.050251,0.51143,0.33593,0.32033,0.59055,0.57974,0.51201,0.32101,0.5282,0.4549,0.40594,0.92394,0.3741,0.96273,0.42236,0.23475,0.070472,0.46774,0.041714,1,1
0.11436,0.28332,0.12954,0.13691,0.18538,0.13932,0.17045,0.12431,0.095082,0.29704,0.70378,0.44623,0.69358,0.81516,0.70604,0.54758,0.50026,0.5998,0.6844,0.75983,0.96229,0.33448,0.88715,0.4718,0.30344,0.0019719,0.46771,0.11944,0,1
0.069063,0.16588,0.024523,0.056949,0.19719,0.060409,0.18358,0.022339,0.027982,0.093701,0.78199,0.47109,0.74106,0.87117,0.79325,0.60154,0.49611,0.61735,0.75286,0.73635,0.86607,0.31749,0.75751,0.30676,0.36597,0.077325,0.46771,0.11923,0,1
0.052994,0.13559,0.0077296,0.014067,0.058984,0.01939,0.049533,0.0022338,0.0096743,0.034561,0.72901,0.16871,0.72645,0.64006,0.49495,0.73412,0.19748,0.64381,0.62593,0.5107,0.99741,0.33047,0.99679,0.30405,0.11172,0.02953,0.46785,0.034906,1,1
0.087662,0.22928,0.056033,0.12909,0.16628,0.063675,0.1523,0.055577,0.063755,0.09229,0.67718,0.31787,0.65214,0.70939,0.64553,0.60988,0.32518,0.52991,0.62191,0.62625,0.98241,0.42041,0.96782,0.33257,0.39194,0.060859,0.46786,0.10029,1,1
0.25419,0.36102,0.22513,0.28521,0.36241,0.16211,0.18177,0.18391,0.1459,0.24519,0.6222,0.44963,0.52829,0.7138,0.7616,0.65884,0.42356,0.64369,0.57619,0.65868,0.79455,0.38254,0.64928,0.40906,0.28453,0.0076115,0.46775,0.10802,0,1
0.50845,0.29565,0.48311,0.4994,0.5821,0.47626,0.16474,0.40844,0.47419,0.48569,0.40627,0.61555,0.32694,0.44286,0.48668,0.41397,0.46484,0.34226,0.32758,0.3146,0.46324,0.29731,0.48677,0.41066,0.31907,-0.0013882,0.46776,0.084007,1,1
0.029522,0.17586,0.014109,0.010951,0.052016,0.030247,0.10298,0.0052014,0.033764,0.023861,0.63519,0.18194,0.70729,0.71409,0.5196,0.60039,0.20816,0.63349,0.59788,0.52436,0.89877,0.34665,0.89272,0.34817,0.20516,0.10657,0.46777,0.067783,1,1
0.31614,0.28021,0.34681,0.34153,0.35591,0.2542,0.13229,0.28901,0.27331,0.28343,0.45152,0.5737,0.23482,0.23162,0.47642,0.24741,0.45019,0.30524,0.33598,0.3464,0.61187,0.35895,0.61882,0.46455,0.23602,0.0019101,0.46776,0.037642,1,1
0.1316,0.14038,0.046327,0.052553,0.1345,0.067698,0.056627,0.060196,0.051501,0.077684,0.38482,0.26061,0.3178,0.41086,0.45454,0.42371,0.25739,0.37736,0.38524,0.49488,0.9756,0.38322,0.97429,0.5396,0.14491,0.003072,0.46771,0.03447,1,1
0.4692,0.25957,0.39046,0.36581,0.42732,0.31976,0.11057,0.33636,0.30934,0.35047,0.58085,0.5586,0.44639,0.72689,0.61833,0.48714,0.49214,0.47324,0.51994,0.62194,0.83882,0.4204,0.81303,0.45245,0.2145,-0.0026007,0.4677,0.03837,0,1
0.013217,0.25548,0.0075538,0.010405,0.0232,0.014104,0.07615,0.0031212,0.02294,0.030165,0.68805,0.40958,0.73073,0.74361,0.6922,0.60985,0.40176,0.66634,0.54889,0.71249,0.73788,0.33272,0.56412,0.2617,0.37623,0.11487,0.46776,0.075929,1,1
0.044025,0.16423,0.023996,0.039058,0.098408,0.024923,0.10035,0.0096303,0.024086,0.099422,0.82474,0.41411,0.91095,0.8986,0.82844,0.7232,0.38621,0.78373,0.85963,0.7564,0.46698,0.38298,0.3049,0.22275,0.29197,0.05274,0.46775,0.079662,1,1
0.096689,0.14927,0.026598,0.061049,0.13251,0.03792,0.091183,0.022464,0.033944,0.062509,0.44601,0.41494,0.36606,0.53938,0.40716,0.31494,0.40903,0.37277,0.46036,0.45479,0.32809,0.26383,0.26852,0.35758,0.16469,0.12164,0.46881,0.092012,1,1
0.18914,0.13977,0.28386,0.15705,0.16688,0.15292,0.064866,0.10131,0.098447,0.12537,0.48897,0.41731,0.27538,0.43266,0.49009,0.47176,0.46954,0.39389,0.40177,0.52005,0.85518,0.43157,0.75591,0.44271,0.14635,-0.0025143,0.46771,0.029231,0,1
0.21422,0.34042,0.14739,0.17296,0.32059,0.2529,0.17306,0.096445,0.18179,0.25015,0.663,0.38424,0.72083,0.66578,0.62399,0.62404,0.40912,0.6145,0.52216,0.54045,0.85669,0.36477,0.69846,0.43524,0.33614,0.0045839,0.46771,0.10967,1,1
0.050349,0.071957,0.0064697,0.026425,0.054359,0.011726,0.1051,0.013405,0.029623,0.062405,0.60479,0.1929,0.75349,0.71952,0.59791,0.66559,0.30354,0.65308,0.72418,0.55673,0.026079,0.40655,0.0076903,0.30911,0.18888,0.092713,0.46773,0.075341,1,1
0.15363,0.15478,0.23379,0.14403,0.20574,0.20583,0.13839,0.071827,0.086405,0.1854,0.57537,0.56307,0.39743,0.55876,0.69886,0.4361,0.49928,0.40658,0.51997,0.51031,0.87127,0.42561,0.85186,0.45091,0.24318,0.0103,0.46772,0.065815,0,1
0.27643,0.24449,0.2455,0.2294,0.30911,0.15547,0.081599,0.16634,0.17801,0.19525,0.65583,0.59012,0.59495,0.69074,0.73189,0.58573,0.58627,0.52949,0.59641,0.67856,0.89964,0.38865,0.78784,0.44513,0.30034,-0.0024747,0.46776,0.069878,0,1
0.21917,0.26364,0.22954,0.17551,0.28192,0.22749,0.10857,0.14996,0.14217,0.26273,0.44694,0.56251,0.45197,0.58067,0.44326,0.40628,0.55723,0.36512,0.50596,0.58518,0.81297,0.39182,0.67649,0.42243,0.19438,0.0031216,0.46781,0.10095,0,1
0.55858,0.2191,0.51581,0.48898,0.54968,0.41425,0.18661,0.43851,0.48,0.62562,0.52175,0.36082,0.52355,0.57453,0.59565,0.49439,0.28702,0.48941,0.44884,0.54419,0.44512,0.35102,0.51637,0.43504,0.34157,-0.0017198,0.46774,0.078019,1,1
0.049467,0.27567,0.036726,0.062495,0.050851,0.10165,0.19877,0.043759,0.044912,0.10819,0.81752,0.40097,0.87086,0.87942,0.77494,0.74953,0.41548,0.71593,0.85786,0.76125,0.22615,0.35298,0.096138,0.2297,0.4183,0.065643,0.46774,0.21551,0,1
-0.0076228,0.09791,-0.0016979,-0.0061373,-0.0024336,-0.0076781,0.038991,-0.0013589,-0.0041647,-0.00030286,0.90011,0.092309,0.92684,0.86679,0.7195,0.79195,0.091121,0.89323,0.8692,0.7087,0.80983,0.37445,0.54819,0.32837,0.11093,0.074711,0.46777,0.05956,1,1
0.30765,0.50454,0.24259,0.22129,0.46521,0.28366,0.15997,0.20574,0.13219,0.48435,0.75703,0.2878,0.7654,0.85249,0.7762,0.73593,0.29596,0.81001,0.71401,0.71058,0.95469,0.42214,0.79759,0.47836,0.34724,-0.0026212,0.4677,0.087337,0,1
0.20868,0.31387,0.1344,0.14081,0.19363,0.22232,0.24814,0.10741,0.12437,0.37831,0.85554,0.45185,0.89372,0.92403,0.84246,0.82466,0.44341,0.84844,0.81271,0.93015,0.96237,0.41196,0.82238,0.29903,0.51101,0.0089425,0.46771,0.28782,0,1
0.39283,0.28871,0.3193,0.25845,0.31329,0.30835,0.14419,0.21386,0.27575,0.30877,0.46726,0.53622,0.49758,0.42639,0.59469,0.53967,0.51654,0.47333,0.43003,0.53303,0.86698,0.37865,0.88144,0.43636,0.23982,4.1589e-05,0.46774,0.096328,0,1
0.29931,0.36404,0.16925,0.24435,0.2811,0.23472,0.11995,0.17477,0.23723,0.2123,0.71415,0.44771,0.55937,0.61997,0.61011,0.49115,0.46648,0.56455,0.6196,0.59584,0.85825,0.38663,0.81827,0.39504,0.31283,0.041353,0.46772,0.093845,0,1
0.22635,0.21413,0.20472,0.31077,0.25202,0.27703,0.17605,0.13124,0.17932,0.28936,0.41417,0.37483,0.3326,0.39604,0.49631,0.35776,0.44342,0.32174,0.31153,0.49752,0.76936,0.39588,0.83486,0.44546,0.23584,0.054178,0.46783,0.11476,1,1
-0.0093644,0.071129,-0.0017598,-0.0064394,-0.007585,-0.0089926,0.030972,-0.001412,-0.0046212,-0.0077625,0.90264,0.052627,0.96588,0.84521,0.75834,0.90156,0.15658,0.89269,0.86134,0.63697,0.99675,0.28501,0.98395,0.31948,0.081409,0.015206,0.46778,0.037691,1,1
0.29422,0.20737,0.1936,0.24975,0.19667,0.25244,0.17822,0.15789,0.20502,0.20831,0.52631,0.46165,0.55012,0.63875,0.50664,0.49146,0.45658,0.49196,0.58636,0.51179,0.82668,0.37421,0.84506,0.39676,0.34638,0.0884,0.46783,0.083084,1,1
0.12719,0.17976,0.050718,0.11535,0.13699,0.089693,0.15687,0.041226,0.14639,0.081634,0.50194,0.47388,0.3484,0.53162,0.60594,0.3887,0.29093,0.37754,0.32311,0.39609,0.53045,0.35281,0.47794,0.38929,0.25931,0.070706,0.46774,0.093747,1,1
0.21159,0.23566,0.13942,0.14978,0.20646,0.17416,0.11399,0.18693,0.20334,0.21018,0.38607,0.60031,0.22658,0.50968,0.50895,0.33968,0.51897,0.36923,0.42667,0.37496,0.58295,0.37614,0.52922,0.42398,0.20092,0.07911,0.46787,0.088114,1,1
0.2485,0.29111,0.25629,0.18651,0.35364,0.20009,0.092464,0.20269,0.24661,0.26015,0.43864,0.53412,0.28876,0.55347,0.47289,0.4037,0.42159,0.36623,0.46498,0.47279,0.67992,0.299,0.67428,0.47808,0.17636,0.016278,0.46775,0.068406,0,1
0.4977,0.27668,0.43612,0.46724,0.5137,0.37899,0.14662,0.3212,0.37578,0.4289,0.5095,0.61668,0.42482,0.54184,0.58864,0.53812,0.5471,0.55228,0.51826,0.57312,0.86734,0.36145,0.82394,0.4364,0.32281,-0.0025236,0.4677,0.0827,0,1
0.11263,0.18417,0.055155,0.098127,0.11067,0.041094,0.090122,0.027131,0.09395,0.14363,0.62112,0.51943,0.58659,0.71833,0.62681,0.43548,0.41221,0.43733,0.56899,0.5495,0.14288,0.36822,0.12322,0.23761,0.30106,0.091804,0.46773,0.066068,1,1
0.45901,0.23693,0.35347,0.38886,0.39198,0.41004,0.1928,0.3588,0.40609,0.43082,0.51362,0.64175,0.39296,0.51544,0.62466,0.50195,0.49874,0.42104,0.46144,0.51113,0.56024,0.38787,0.56417,0.3163,0.38252,0.02941,0.46785,0.10684,1,1
0.10028,0.19216,0.039082,0.11229,0.19415,0.19307,0.24635,0.05179,0.16492,0.16301,0.70297,0.43128,0.55894,0.77621,0.64938,0.6041,0.49464,0.64858,0.64531,0.71309,0.8592,0.34499,0.8919,0.21976,0.40881,0.1107,0.46774,0.15483,1,1
-0.0075201,0.018632,-0.0017309,-0.0060932,-0.0059926,-0.0080412,0.016772,-0.0013886,-0.0040804,-0.0061683,0.84573,0.11205,0.89973,0.86326,0.72523,0.69329,0.097068,0.79834,0.67123,0.79163,0.97589,0.41051,0.89909,0.32557,0.061642,0.0022571,0.46772,0.0053262,1,1
0.32672,0.22727,0.18986,0.18199,0.33654,0.18893,0.040382,0.17073,0.19596,0.16808,0.67212,0.63992,0.54965,0.83395,0.73583,0.65722,0.46086,0.47456,0.67594,0.77653,0.94665,0.39293,0.7422,0.47122,0.2231,-0.002469,0.4677,0.049261,0,1
0.17377,0.21007,0.12727,0.15878,0.23282,0.15108,0.18799,0.098297,0.15647,0.20549,0.47926,0.50369,0.2957,0.54599,0.59916,0.46906,0.45803,0.31643,0.45946,0.52327,0.78874,0.37048,0.79884,0.49446,0.30643,0.065951,0.46777,0.079288,1,1
0.00042502,0.074448,-0.00058786,-0.003155,0.015708,-0.0026201,0.016107,-0.0007249,-0.0014829,0.0024654,0.55601,0.17657,0.56606,0.49179,0.31039,0.60518,0.28397,0.59416,0.55852,0.48809,0.96436,0.3649,0.93227,0.42761,0.039207,0.067738,0.46783,0.021714,1,1
0.10195,0.093728,0.01902,0.072971,0.08576,0.080258,0.11635,0.012084,0.026908,0.085517,0.85241,0.13836,0.89978,0.91698,0.78074,0.8118,0.22618,0.78523,0.83305,0.82712,0.96038,0.40187,0.76483,0.27714,0.29063,0.029079,0.4677,0.079132,1,1
-0.0079285,0.085682,-0.0016251,-0.0057658,-0.0033376,-0.0070144,0.035669,-0.001331,-0.0037518,-0.0035493,0.94137,0.11095,0.98198,0.93326,0.77968,0.87209,0.10005,0.93919,0.87679,0.85736,0.9145,0.30987,0.69131,0.13501,0.2255,0.13253,0.46774,0.092289,1,1
0.21843,0.27691,0.17185,0.26187,0.23876,0.25248,0.10534,0.12954,0.18804,0.20691,0.60183,0.55442,0.57709,0.69476,0.62388,0.65196,0.53229,0.63025,0.63013,0.70365,0.96458,0.39447,0.9274,0.42594,0.25022,0.017004,0.46772,0.078899,0,1
0.60953,0.44152,0.39926,0.46874,0.56577,0.48845,0.1539,0.34355,0.40474,0.50268,0.63226,0.50265,0.45631,0.66159,0.68175,0.59267,0.3234,0.59092,0.50227,0.59805,0.95642,0.3825,0.94537,0.48278,0.44131,-0.0026202,0.4677,0.098457,0,1
0.24595,0.3639,0.13652,0.15437,0.20803,0.21888,0.17206,0.1261,0.12857,0.29769,0.66793,0.49424,0.66083,0.76978,0.7141,0.63024,0.47038,0.58384,0.59938,0.63678,0.78574,0.38224,0.74508,0.34077,0.44546,0.025597,0.46775,0.15329,0,1
-0.0045623,0.058162,-0.001654,-0.0053472,-0.0042738,-0.0067051,0.03651,-0.00099424,-0.0025453,-0.0049328,0.75249,0.095101,0.81919,0.80504,0.62102,0.72942,0.28426,0.75046,0.78007,0.66831,0.86036,0.31818,0.62523,0.21886,0.18925,0.032955,0.4678,0.040265,1,1
0.45678,0.26779,0.35384,0.30688,0.46774,0.34612,0.13228,0.28827,0.3314,0.35912,0.54914,0.5832,0.40739,0.53029,0.59744,0.43741,0.45327,0.40823,0.34315,0.42819,0.74113,0.37645,0.74527,0.4441,0.30277,-0.0021779,0.4678,0.098574,0,1
0.12225,0.14918,0.11347,0.10815,0.16289,0.12774,0.12385,0.081789,0.072861,0.27963,0.73498,0.37601,0.72893,0.75338,0.6888,0.54465,0.39784,0.61072,0.67786,0.79843,0.87593,0.4008,0.68899,0.38718,0.21609,0.0071085,0.46773,0.1106,0,1
0.49079,0.3968,0.27494,0.3655,0.55914,0.37576,0.22768,0.38287,0.41086,0.50397,0.49063,0.59471,0.36762,0.46655,0.57619,0.45975,0.44719,0.4772,0.40951,0.44715,0.84393,0.39389,0.83437,0.46469,0.38232,0.004587,0.46791,0.10749,1,1
0.23967,0.25292,0.16877,0.092497,0.24495,0.10465,0.11106,0.11395,0.096633,0.25287,0.74195,0.48782,0.7231,0.85425,0.70737,0.61213,0.5028,0.7018,0.76024,0.80863,0.97158,0.41753,0.8286,0.4387,0.2436,-0.0026121,0.4677,0.073217,0,1
0.28053,0.14898,0.23301,0.22219,0.29343,0.2723,0.13985,0.15298,0.19105,0.22579,0.47093,0.47379,0.31913,0.55433,0.55,0.56448,0.46573,0.41258,0.52579,0.62941,0.8786,0.37109,0.91496,0.26517,0.34063,0.060093,0.46775,0.13579,1,1
0.29876,0.25434,0.35447,0.28369,0.40809,0.22191,0.14841,0.22466,0.1769,0.31354,0.43972,0.60389,0.4779,0.67144,0.64943,0.54733,0.50477,0.43883,0.50395,0.57102,0.88715,0.40727,0.73623,0.39035,0.33564,0.00034367,0.46773,0.091366,0,1
0.27498,0.13439,0.24105,0.34158,0.26155,0.18587,0.056708,0.22846,0.16798,0.22508,0.37705,0.53302,0.40419,0.54481,0.49579,0.46398,0.50954,0.39896,0.48814,0.48132,0.88921,0.40348,0.77872,0.44137,0.13166,-0.002533,0.46771,0.02607,0,1
0.14089,0.30958,0.043013,0.10662,0.19418,0.11523,0.14024,0.028052,0.054517,0.2306,0.79052,0.44125,0.91663,0.84303,0.79885,0.71785,0.36891,0.71749,0.80098,0.75599,0.91403,0.34464,0.67877,0.28015,0.42848,0.10763,0.46773,0.11281,0,1
0.14033,0.23937,0.08914,0.11523,0.14101,0.072845,0.13318,0.065433,0.064998,0.12666,0.54527,0.55978,0.4629,0.41564,0.54625,0.43557,0.44122,0.39887,0.46456,0.51239,0.72706,0.27114,0.54789,0.35506,0.29688,0.14945,0.46774,0.093261,1,1
-0.0089163,0.03236,-0.0017213,-0.0063237,-0.0062605,-0.0087787,0.046734,-0.0013929,-0.0044913,-0.0069501,0.85651,0.089237,0.92297,0.84726,0.70344,0.78193,0.19097,0.85366,0.8497,0.68781,0.97438,0.28565,0.75064,0.21453,0.085492,0.039608,0.46775,0.056794,1,1
0.1315,0.23628,0.069457,0.11056,0.19744,0.10844,0.17593,0.06019,0.091526,0.13664,0.66362,0.45647,0.59781,0.62034,0.67248,0.6069,0.50613,0.62002,0.65473,0.69261,0.64631,0.35674,0.62641,0.33747,0.37623,0.040243,0.46779,0.13215,1,1
0.01185,0.056905,0.00057459,0.0025728,0.010571,0.0034503,0.04597,0.0005274,0.0031616,0.014246,0.75166,0.15496,0.89513,0.8944,0.58696,0.83228,0.21831,0.84904,0.78931,0.77803,0.9388,0.37483,0.67937,0.18978,0.13337,0.042439,0.46775,0.094015,1,1
-0.0099741,0.0022439,-0.0017627,-0.0064685,-0.0082991,-0.0092838,0.00027237,-0.0014145,-0.0046956,-0.0081164,0.99715,0.00090199,0.99974,0.98044,0.82917,0.98715,0.0044044,0.99613,0.99031,0.95186,0.8653,0.32402,0.097766,-0.0048631,0.037313,-0.001785,0.46793,0.0047945,1,1
0.024599,0.26769,0.011972,0.017019,0.066473,0.0037977,0.070822,0.001866,0.011589,0.026354,0.5682,0.37287,0.6617,0.66609,0.50557,0.60238,0.35638,0.56077,0.52627,0.55711,0.93478,0.34122,0.84629,0.37133,0.19796,0.15496,0.46771,0.089757,1,1
0.41107,0.25546,0.27923,0.33713,0.421,0.31586,0.14708,0.2311,0.2889,0.32001,0.56134,0.59007,0.3259,0.42853,0.55534,0.44186,0.45641,0.39773,0.35419,0.48975,0.8629,0.34451,0.88838,0.44082,0.26512,-0.002341,0.46771,0.067526,0,1
0.18972,0.24126,0.062787,0.064448,0.17744,0.20696,0.095469,0.11529,0.16055,0.2009,0.37026,0.5575,0.37941,0.53878,0.58459,0.50927,0.28541,0.40178,0.47332,0.44306,0.0067554,0.30781,0.017932,0.36855,0.30657,0.097518,0.46793,0.12994,1,1
0.16325,0.2349,0.087263,0.11057,0.20343,0.095401,0.10648,0.062042,0.12758,0.11403,0.50875,0.40369,0.43791,0.44584,0.34987,0.35372,0.35697,0.39914,0.49285,0.38022,0.3741,0.30625,0.23174,0.45401,0.11022,0.0533,0.46777,0.038986,1,1
0.30337,0.28384,0.3526,0.27066,0.28029,0.22555,0.12947,0.25072,0.2529,0.2498,0.45006,0.62665,0.40027,0.57064,0.6024,0.4314,0.54038,0.38291,0.4174,0.4484,0.80598,0.38027,0.80369,0.42948,0.19239,0.0065355,0.46775,0.063195,0,1
0.36623,0.28213,0.27718,0.33257,0.44239,0.31166,0.19616,0.21641,0.34558,0.3861,0.608,0.59412,0.47696,0.38549,0.54168,0.47348,0.49666,0.36173,0.39424,0.55128,0.87514,0.37258,0.87326,0.45249,0.34741,-0.0017315,0.46773,0.072775,1,1
0.18548,0.18544,0.12135,0.20937,0.19089,0.14593,0.13997,0.10522,0.15801,0.1484,0.44845,0.49661,0.37388,0.5416,0.4727,0.44018,0.42037,0.31787,0.32512,0.44366,0.84425,0.34972,0.89885,0.46911,0.30742,0.083389,0.46776,0.070743,1,1
0.34505,0.29928,0.28563,0.28821,0.33344,0.23868,0.13319,0.21204,0.2167,0.31045,0.51242,0.61771,0.36573,0.55704,0.51411,0.48123,0.59456,0.33938,0.47455,0.59884,0.83413,0.36411,0.78616,0.4644,0.30702,-0.002442,0.46773,0.062063,0,1
0.35331,0.11514,0.24667,0.35301,0.2875,0.26283,0.053615,0.16379,0.26236,0.32716,0.28253,0.61487,0.11757,0.41098,0.51275,0.3259,0.48287,0.28817,0.30226,0.44726,0.85578,0.39264,0.83735,0.50959,0.17552,-0.0016572,0.46771,0.044977,0,1
0.54871,0.40156,0.52811,0.53232,0.64525,0.60453,0.27601,0.43464,0.54648,0.57593,0.70608,0.62257,0.55081,0.73733,0.73903,0.58972,0.54528,0.51626,0.59863,0.55166,0.6068,0.32849,0.7612,0.35936,0.44825,-0.0018576,0.4678,0.11678,1,1
-0.0024295,0.15279,-0.0013791,-0.0052357,0.0041808,-0.0071223,0.03969,-0.001052,-0.0026406,-0.0012008,0.81043,0.11869,0.76693,0.46588,0.5709,0.6359,0.094259,0.77884,0.67324,0.57446,0.91201,0.27861,0.83454,0.44274,0.045169,0.025537,0.46808,0.025483,1,1
0.46536,0.45997,0.35914,0.37836,0.44896,0.26017,0.16251,0.23442,0.25626,0.32543,0.49989,0.51985,0.4324,0.48546,0.54009,0.41783,0.41183,0.40031,0.44926,0.45255,0.9346,0.36812,0.90182,0.36494,0.31189,-0.0015371,0.46773,0.069305,0,1
-0.0075724,0.06762,-0.0017253,-0.0061585,-0.0015466,-0.0067506,0.037639,-0.0012807,-0.0034559,-0.004377,0.78103,0.13933,0.83622,0.73794,0.66406,0.71996,0.23885,0.69316,0.64711,0.63233,0.94912,0.31086,0.89415,0.31342,0.13354,0.02139,0.46789,0.045011,1,1
0.55544,0.3234,0.44196,0.56343,0.57155,0.39002,0.16041,0.41254,0.46237,0.49688,0.36741,0.57597,0.29477,0.38604,0.51282,0.34868,0.43887,0.31556,0.34435,0.43839,0.69331,0.30862,0.82165,0.4604,0.31299,-0.000821,0.46776,0.076469,1,1
0.20559,0.26507,0.13363,0.21164,0.20484,0.19074,0.23135,0.094447,0.13033,0.26242,0.71306,0.57097,0.69391,0.77611,0.7445,0.67617,0.49193,0.55984,0.78919,0.74982,0.30837,0.34175,0.31482,0.19499,0.4535,0.10905,0.46779,0.17591,1,1
0.28637,0.13298,0.31244,0.21901,0.22435,0.19498,0.081813,0.21206,0.23324,0.24468,0.56816,0.56585,0.54033,0.49631,0.61189,0.37311,0.54002,0.42473,0.42193,0.56317,0.89496,0.42024,0.81133,0.47564,0.20239,-0.0025653,0.46773,0.050646,0,1
0.32605,0.30092,0.2398,0.32815,0.29058,0.26869,0.14882,0.29653,0.26582,0.32373,0.3689,0.67387,0.39558,0.56744,0.59205,0.43411,0.58772,0.40235,0.51256,0.57108,0.67427,0.35542,0.68265,0.34873,0.33415,0.0040874,0.46775,0.098501,0,1
0.10788,0.36047,0.051792,0.11564,0.15589,0.16526,0.2152,0.042856,0.14286,0.31179,0.81152,0.33344,0.91841,0.94414,0.80729,0.80994,0.31432,0.84508,0.81055,0.82275,0.51045,0.40787,0.38409,0.20907,0.50978,0.078511,0.46775,0.23362,0,1
0.35225,0.19161,0.22032,0.34341,0.29557,0.22807,0.091792,0.2106,0.18453,0.2625,0.42246,0.50727,0.31482,0.62305,0.51313,0.41422,0.47735,0.35114,0.43786,0.43779,0.88098,0.40448,0.84422,0.47828,0.23021,-0.0024203,0.46771,0.054422,0,1
0.21422,0.28817,0.14096,0.2585,0.29844,0.15122,0.18268,0.13238,0.34786,0.21853,0.64833,0.58527,0.62128,0.75493,0.68866,0.65243,0.41473,0.58489,0.70894,0.57989,0.044447,0.34002,0.060838,0.21047,0.40591,0.035366,0.46778,0.095589,1,1
0.48348,0.4257,0.47683,0.44463,0.58303,0.51322,0.26436,0.3932,0.50892,0.54752,0.54004,0.58018,0.42594,0.4958,0.53361,0.38826,0.44388,0.38915,0.32542,0.49169,0.82745,0.3494,0.86857,0.47669,0.39678,0.0096675,0.46776,0.12852,1,1
0.19738,0.26421,0.21249,0.15253,0.29001,0.21256,0.10409,0.2119,0.19106,0.18384,0.66554,0.51502,0.47257,0.72247,0.7117,0.53174,0.48585,0.4421,0.57376,0.67433,0.79824,0.36887,0.6441,0.42906,0.21814,-0.0012065,0.46772,0.072342,0,1
0.050126,0.19028,0.014155,0.041463,0.073658,0.052024,0.12682,0.017273,0.028798,0.055521,0.73572,0.37882,0.64061,0.64839,0.65891,0.62268,0.40392,0.63586,0.56629,0.6223,0.98271,0.26496,0.97288,0.3921,0.17549,0.085494,0.46771,0.056814,1,1
0.090182,0.131,0.022977,0.056406,0.085569,0.16563,0.17438,0.032575,0.08027,0.091596,0.86293,0.28112,0.80937,0.85527,0.72665,0.73285,0.37731,0.75262,0.85912,0.78561,0.68286,0.40686,0.53626,0.34982,0.39348,0.055576,0.46795,0.15514,1,1
0.50531,0.34457,0.47487,0.39766,0.56897,0.35658,0.17217,0.31259,0.2832,0.40139,0.64136,0.41858,0.43619,0.57958,0.55249,0.4783,0.27293,0.49688,0.35098,0.48555,0.93224,0.41061,0.83872,0.42896,0.27958,-0.0026071,0.46771,0.037928,0,1
0.30632,0.13431,0.24927,0.31877,0.32343,0.22831,0.081303,0.1709,0.22982,0.2488,0.59132,0.4359,0.47459,0.57526,0.647,0.57742,0.42702,0.42581,0.53968,0.52949,0.85301,0.46239,0.8603,0.47524,0.1868,-0.0025728,0.46771,0.041993,0,1
0.39802,0.28311,0.27262,0.28703,0.38061,0.32853,0.16172,0.21283,0.27415,0.36588,0.62215,0.54406,0.42374,0.63454,0.6647,0.48039,0.54406,0.51968,0.57037,0.62993,0.94898,0.37496,0.79571,0.45021,0.2615,-0.0023944,0.46775,0.10386,0,1
0.03525,0.21453,0.0067965,0.027612,0.030948,0.0045805,0.058288,0.021008,0.011895,0.016319,0.46862,0.31562,0.42122,0.51447,0.47299,0.45256,0.35355,0.37106,0.38956,0.27195,0.28462,0.3458,0.10092,0.27834,0.039543,0.092741,0.46776,0.027486,1,1
0.133,0.1506,0.089572,0.075662,0.10554,0.11751,0.1082,0.045164,0.083239,0.17206,0.52564,0.50179,0.56782,0.62349,0.45566,0.54792,0.33242,0.51038,0.54493,0.51236,0.29495,0.36636,0.31154,0.34551,0.26697,0.072613,0.46776,0.054729,1,1
0.37109,0.21535,0.36949,0.3706,0.33561,0.3304,0.10411,0.28025,0.24085,0.34322,0.43518,0.58773,0.28104,0.44574,0.54416,0.37961,0.43359,0.30272,0.35827,0.43987,0.93035,0.3179,0.95522,0.42269,0.35513,-4.187e-05,0.46777,0.067006,1,1
0.21045,0.39657,0.18335,0.1184,0.20952,0.26951,0.17501,0.15858,0.10995,0.26801,0.6676,0.49415,0.63933,0.76131,0.77945,0.67907,0.51195,0.58045,0.70774,0.87618,0.96731,0.38827,0.85908,0.44545,0.37691,-0.0015242,0.46772,0.16559,0,1
0.13762,0.21195,0.072961,0.12741,0.14046,0.15802,0.15614,0.045479,0.057933,0.19634,0.75308,0.41896,0.77142,0.78216,0.7042,0.72332,0.34166,0.76231,0.70873,0.70952,0.98351,0.38619,0.92765,0.28465,0.33586,0.13069,0.46773,0.15116,0,1
0.54765,0.25054,0.42963,0.50196,0.50364,0.45794,0.1892,0.4416,0.43508,0.4389,0.44969,0.59531,0.31652,0.51973,0.50304,0.40687,0.49102,0.35804,0.30805,0.40256,0.80637,0.36027,0.87529,0.38482,0.3603,7.6339e-05,0.46781,0.055419,1,1
0.34591,0.50817,0.154,0.23591,0.31488,0.37921,0.22552,0.19167,0.24295,0.35856,0.60488,0.41781,0.49838,0.63959,0.61751,0.60111,0.4764,0.54533,0.57943,0.49496,0.7785,0.37353,0.82149,0.49974,0.36462,0.08825,0.46788,0.20315,1,1
0.30397,0.27149,0.21466,0.36121,0.4439,0.33364,0.21535,0.15929,0.26395,0.31688,0.58535,0.57275,0.6055,0.72342,0.61411,0.49392,0.54128,0.50153,0.56725,0.56521,0.82869,0.36988,0.77793,0.38818,0.44697,0.00042216,0.46777,0.13541,0,1
0.36885,0.22787,0.13688,0.26809,0.37189,0.21635,0.19224,0.11627,0.32713,0.44615,0.77341,0.38131,0.78584,0.89902,0.65255,0.75762,0.41054,0.76123,0.79567,0.76564,0.413,0.42962,0.4014,0.23246,0.3991,0.027609,0.46773,0.13016,0,1
0.017687,0.18843,0.00048574,-0.0011023,0.052949,0.021044,0.06378,0.0003003,0.0058792,0.016063,0.7613,0.2551,0.90421,0.86521,0.69957,0.75753,0.21182,0.80851,0.7132,0.75288,0.49598,0.33067,0.29208,0.16021,0.3571,0.11537,0.46775,0.099798,1,1
0.00043884,0.074363,-0.0014784,-0.0054437,-0.00081101,-0.0062959,0.016307,-0.001119,-0.0032023,-0.0046404,0.67144,0.17236,0.7344,0.75961,0.36529,0.73285,0.2133,0.68674,0.6163,0.5674,0.74584,0.32453,0.29814,0.21637,0.030329,0.035411,0.46781,0.01225,1,1
0.0065185,0.11058,0.0025296,-0.0028023,0.024773,0.0044516,0.085159,0.0032079,0.00059005,0.068065,0.77784,0.16178,0.90745,0.86916,0.75396,0.81983,0.21148,0.75481,0.80773,0.81403,0.77741,0.37825,0.55747,0.29364,0.37975,0.0828,0.46777,0.11007,1,1
0.23726,0.18253,0.056633,0.12292,0.20531,0.13262,0.1639,0.057307,0.065538,0.12242,0.44481,0.43362,0.48526,0.50007,0.58581,0.48596,0.42907,0.42341,0.47857,0.48069,0.84139,0.38447,0.83383,0.46742,0.29256,0.0153,0.4677,0.074748,1,1
-0.0056559,0.092626,-0.0016665,-0.0059702,-0.0023223,-0.0058954,0.051633,-0.0013011,-0.0036297,-0.0041085,0.89886,0.076143,0.9653,0.91836,0.78138,0.92238,0.17409,0.90646,0.90931,0.77764,0.79797,0.39036,0.47699,0.067079,0.22799,0.028935,0.46773,0.080381,1,1
0.5377,0.33285,0.50641,0.46186,0.62425,0.45849,0.13768,0.38281,0.44807,0.48497,0.40747,0.56555,0.30331,0.43291,0.58938,0.41935,0.50872,0.39308,0.391,0.41669,0.67321,0.40076,0.70337,0.48242,0.37367,-0.0014204,0.46773,0.069383,1,1
0.42254,0.33846,0.24439,0.36867,0.35492,0.33621,0.14801,0.29931,0.28947,0.37257,0.74472,0.45087,0.66051,0.72133,0.71771,0.61166,0.4256,0.5878,0.655,0.58785,0.93127,0.36902,0.86765,0.36739,0.26872,-0.0024708,0.46772,0.070277,0,1
0.42377,0.28982,0.26866,0.24612,0.39902,0.29216,0.18369,0.21548,0.30188,0.30403,0.53118,0.43587,0.33916,0.46293,0.42149,0.47338,0.36164,0.38531,0.37333,0.43668,0.95307,0.35122,0.9605,0.4794,0.30046,0.0070139,0.46783,0.084216,1,1
0.25973,0.28721,0.15141,0.17798,0.17997,0.17199,0.14905,0.10271,0.13857,0.19417,0.44628,0.44658,0.32372,0.44508,0.50016,0.35493,0.39022,0.32012,0.41299,0.40921,0.47624,0.39171,0.69261,0.46998,0.25502,0.014258,0.46782,0.047273,1,1
0.48403,0.27647,0.42617,0.42091,0.46806,0.3752,0.10866,0.3151,0.32702,0.42041,0.58203,0.53021,0.3898,0.60369,0.68964,0.52175,0.39264,0.50396,0.47368,0.55062,0.91016,0.36479,0.92824,0.41709,0.31098,-0.0026171,0.4677,0.029755,0,1
0.39787,0.32198,0.18458,0.26208,0.44661,0.16701,0.20924,0.16627,0.17067,0.23527,0.61237,0.51733,0.25439,0.53872,0.39495,0.27918,0.52831,0.27206,0.24184,0.46859,0.96258,0.38128,0.9715,0.5072,0.30692,0.043681,0.4678,0.068085,1,1
0.029849,0.1578,0.0038365,0.0086312,0.029621,0.0060777,0.082583,0.001899,0.010117,0.025656,0.65879,0.2219,0.60448,0.56397,0.42526,0.60718,0.26376,0.52187,0.62722,0.46133,0.94384,0.31261,0.89907,0.43575,0.17109,0.019434,0.46773,0.023581,1,1
0.019355,0.13357,0.013859,0.0091238,0.031664,0.024028,0.068462,0.0052508,0.018719,0.016535,0.67234,0.16872,0.50743,0.60963,0.50087,0.53936,0.20504,0.46619,0.4084,0.48849,0.18185,0.29153,0.14749,0.34841,0.12366,0.076825,0.46781,0.10129,1,1
0.26668,0.24154,0.1558,0.20956,0.27159,0.14976,0.12965,0.14566,0.13904,0.21141,0.46212,0.49587,0.57649,0.54215,0.61556,0.5243,0.38743,0.43397,0.38911,0.5785,0.82165,0.33239,0.66168,0.31039,0.30213,0.034464,0.46785,0.10491,0,1
0.068208,0.29299,0.038618,0.053626,0.13755,0.067981,0.14166,0.042614,0.12252,0.12053,0.65668,0.34075,0.50628,0.54081,0.44058,0.558,0.3088,0.49379,0.68557,0.52177,0.93018,0.31058,0.90362,0.50211,0.27321,0.081228,0.46774,0.10608,0,1
0.029924,0.17555,0.013557,0.018315,0.027504,0.061297,0.084828,0.011647,0.030862,0.032769,0.51662,0.27624,0.42488,0.4998,0.62264,0.51686,0.26723,0.39314,0.53074,0.41006,0.27161,0.34261,0.42338,0.41803,0.24947,0.20496,0.46785,0.087604,1,1
0.29251,0.24423,0.19088,0.33609,0.30897,0.26579,0.15757,0.19956,0.2289,0.26489,0.47491,0.60271,0.38717,0.53133,0.62363,0.58819,0.5427,0.38756,0.52828,0.57555,0.85263,0.34085,0.85871,0.42576,0.22858,-0.0022056,0.46773,0.058505,0,1
0.15535,0.17463,0.13311,0.14504,0.1882,0.143,0.09807,0.11663,0.0947,0.13443,0.46737,0.5335,0.37728,0.53474,0.59026,0.41683,0.49139,0.39137,0.49855,0.51211,0.86566,0.35695,0.79183,0.39035,0.24996,0.1057,0.46771,0.10559,0,1
0.43636,0.27891,0.43146,0.42658,0.5103,0.37027,0.14794,0.30018,0.38257,0.51114,0.4558,0.61307,0.3056,0.60049,0.62638,0.42894,0.47881,0.42137,0.44209,0.5135,0.70487,0.35753,0.67838,0.41006,0.28705,-0.0015392,0.46771,0.068702,0,1
-0.0078454,0.056038,-0.0017489,-0.0063164,-0.0069392,-0.0082124,0.047984,-0.00139,-0.0043924,-0.0061346,0.93782,0.063556,0.94783,0.90838,0.77102,0.94224,0.20464,0.94222,0.93058,0.81986,0.99319,0.29803,0.9821,0.21294,0.25909,0.010708,0.46771,0.06391,1,1
0.41382,0.18011,0.32188,0.36389,0.4321,0.30512,0.14554,0.27088,0.31867,0.32603,0.62394,0.63127,0.39188,0.67005,0.57754,0.45907,0.45462,0.50063,0.5221,0.62382,0.73855,0.38739,0.68485,0.37455,0.35356,0.0010852,0.46775,0.089747,0,1
0.35148,0.3246,0.29755,0.28168,0.4243,0.25129,0.14365,0.28694,0.2097,0.32824,0.63428,0.50306,0.48102,0.7233,0.61177,0.60484,0.53295,0.5632,0.57835,0.64204,0.92985,0.40673,0.85381,0.42708,0.24613,-0.002617,0.4677,0.062986,0,1
0.067156,0.088227,0.003846,0.016535,0.087001,0.012412,0.062781,0.0073757,0.018261,0.037349,0.48608,0.24273,0.54545,0.3041,0.52409,0.43302,0.20659,0.46142,0.55414,0.49488,0.87274,0.33026,0.81436,0.41389,0.064834,0.032647,0.46815,0.024449,1,1
-0.0099295,0.01307,-0.0017626,-0.0064669,-0.0082187,-0.0092755,0.0012215,-0.0014145,-0.0046935,-0.0080717,0.98034,0.0040546,0.99233,0.93822,0.72724,0.93906,0.019451,0.95719,0.9493,0.85957,0.99945,0.29748,0.98636,0.14957,-0.00027306,0.00036043,0.46773,0.0059683,1,1
0.29119,0.1944,0.36119,0.24748,0.30932,0.26792,0.095856,0.19219,0.15497,0.2447,0.49295,0.735,0.27103,0.60211,0.59004,0.3938,0.67648,0.26525,0.39343,0.59003,0.76305,0.41836,0.66331,0.49035,0.30571,-0.0012129,0.46773,0.056673,0,1
0.35654,0.30062,0.32095,0.30147,0.38919,0.29124,0.11191,0.29915,0.22017,0.30414,0.49759,0.58355,0.25618,0.54161,0.54795,0.42026,0.6211,0.33296,0.45748,0.50742,0.80032,0.38636,0.76789,0.44835,0.24018,-0.0018764,0.46772,0.067074,0,1
0.44276,0.32877,0.44413,0.47171,0.46064,0.42649,0.18528,0.36471,0.40582,0.40933,0.46902,0.63491,0.26892,0.43069,0.54633,0.36723,0.50294,0.24782,0.24508,0.42072,0.72622,0.35741,0.79845,0.40733,0.2905,0.010259,0.46791,0.10351,1,1
0.021706,0.22682,0.0046714,-0.00039762,0.027927,0.032972,0.093475,0.00043075,0.0039863,0.0090995,0.65524,0.2273,0.59704,0.667,0.48134,0.52794,0.36363,0.49319,0.65188,0.45247,0.88693,0.33412,0.90133,0.44937,0.27252,0.10339,0.46771,0.094384,1,1
0.44029,0.3869,0.34872,0.30872,0.51314,0.32586,0.20854,0.32199,0.32431,0.41944,0.52262,0.59332,0.49702,0.40535,0.49645,0.43781,0.45088,0.41456,0.46645,0.52387,0.27592,0.40126,0.45054,0.39155,0.372,0.04308,0.46786,0.084892,1,1
0.019836,0.11973,0.0081652,0.0040486,0.030986,0.061067,0.030093,0.0019345,0.014346,0.021362,0.78249,0.20144,0.91916,0.82206,0.7019,0.87007,0.15253,0.87904,0.81112,0.62562,0.91238,0.41377,0.68703,0.19282,0.2534,0.066028,0.46772,0.041426,1,1
0.065442,0.17089,0.027599,0.057643,0.09884,0.049874,0.13776,0.0097287,0.044953,0.032505,0.73151,0.32879,0.60511,0.61947,0.55284,0.3967,0.30042,0.47903,0.56965,0.57588,0.97481,0.30697,0.96825,0.46737,0.22815,0.068475,0.46789,0.06531,1,1
-0.0044552,0.11089,-0.00121,-0.0048114,0.01782,-0.0038613,0.067334,-0.00098472,-0.0018456,0.031823,0.93324,0.11171,0.98847,0.97604,0.83503,0.95164,0.12447,0.94732,0.93421,0.88335,0.5208,0.32582,0.11763,0.07697,0.39664,0.068936,0.46783,0.12527,1,1
0.013377,0.21739,-0.00017021,-0.0024931,0.027518,0.018332,0.062169,-0.0005229,0.0025118,0.00062942,0.71086,0.1668,0.61067,0.60091,0.47526,0.53908,0.17776,0.58885,0.51301,0.53947,0.99697,0.37252,0.98695,0.50533,0.11893,0.028564,0.46772,0.059531,1,1
-0.004398,0.10633,-0.0014304,-0.0053427,-0.0043589,-0.0077309,0.032957,-0.0011898,-0.0028189,-0.0011046,0.73817,0.14615,0.88526,0.82319,0.64785,0.68059,0.13519,0.70339,0.60499,0.5314,0.25801,0.33545,0.15264,0.18897,0.25901,0.074809,0.46806,0.092309,1,1
0.032192,0.12493,0.0057515,0.014171,0.041583,0.020485,0.059463,0.0021986,0.0084883,0.024212,0.62297,0.21223,0.48306,0.39644,0.38826,0.4704,0.2108,0.57262,0.49957,0.53213,0.89623,0.34019,0.79153,0.44034,0.089118,0.045257,0.46773,0.042915,1,1
0.19624,0.36164,0.12441,0.17601,0.37432,0.24268,0.26241,0.066695,0.20938,0.35177,0.70261,0.4803,0.72515,0.85415,0.78904,0.71698,0.44396,0.73498,0.76396,0.73515,0.87363,0.40878,0.74934,0.26218,0.47044,0.12561,0.46777,0.17786,1,1
0.22939,0.2236,0.24491,0.24698,0.32981,0.15939,0.12338,0.15249,0.16714,0.28743,0.64116,0.58619,0.48573,0.72994,0.63694,0.48154,0.57391,0.44438,0.44821,0.724,0.92763,0.39802,0.76796,0.42688,0.28049,-0.0023937,0.46774,0.097976,0,1
0.24186,0.20123,0.26373,0.20791,0.26155,0.20666,0.13383,0.19996,0.17666,0.21867,0.46055,0.63287,0.37821,0.60342,0.5813,0.3333,0.59144,0.35852,0.42064,0.61927,0.89088,0.37375,0.81503,0.3731,0.28385,-0.0011325,0.46775,0.068289,0,1
0.1545,0.2219,0.17943,0.10998,0.19947,0.14022,0.098172,0.11891,0.10902,0.27719,0.53692,0.55937,0.4149,0.66584,0.5405,0.53149,0.46519,0.53735,0.46543,0.67073,0.92358,0.3525,0.6865,0.36761,0.19129,0.011911,0.46773,0.073144,0,1
0.13345,0.12222,0.26292,0.25278,0.23216,0.14545,0.053278,0.11771,0.10312,0.17678,0.30919,0.58687,0.28284,0.48792,0.4473,0.4131,0.49328,0.33005,0.41866,0.44442,0.77945,0.39777,0.67737,0.40964,0.11949,0.0022113,0.46773,0.024429,0,1
0.32778,0.19586,0.12353,0.17419,0.14537,0.11854,0.11792,0.16305,0.16877,0.093719,0.29683,0.3867,0.38064,0.32559,0.23478,0.4098,0.37226,0.28382,0.34531,0.25119,0.34196,0.31447,0.29403,0.46474,0.16028,0.032294,0.46785,0.10125,1,1
0.58253,0.22299,0.46051,0.50606,0.58398,0.47619,0.10988,0.3961,0.45078,0.44634,0.55008,0.68089,0.27736,0.59429,0.62797,0.40831,0.53326,0.36122,0.45688,0.53347,0.86248,0.42036,0.90584,0.51143,0.30489,-0.0025548,0.46771,0.036944,0,1
0.59677,0.33807,0.44332,0.45682,0.46934,0.39483,0.061362,0.42406,0.44041,0.38626,0.52027,0.49818,0.32961,0.45705,0.59529,0.4102,0.44667,0.35789,0.49456,0.47832,0.8697,0.32654,0.88528,0.4748,0.19529,-0.0025597,0.46772,0.051929,0,1
