0.04475,0.1675,0.0081797,0.01835,0.031584,0.038998,0.12588,0.0071114,0.014582,0.027302,0.69164,0.34888,0.5303,0.68116,0.67143,0.98528,0.67626,0.8889,0.90001,1.025,0.26425,0.52305,0.28614,0.58708,0.1043,0.25201,0.13031,0.14872,1,0
0.024945,0.12324,0.0065253,0.01352,0.014748,0.023826,0.10026,0.0057639,0.011808,0.015089,0.68551,0.2638,0.60606,0.66667,0.64286,0.76338,0.37544,0.7778,0.7,0.79999,0.94014,0.41529,1.012,0.12783,0.51308,0.52989,0.12537,0.2894,1,0
0.023566,0.045082,0.018434,0.020919,0.034509,0.022633,0.040933,0.015192,0.018959,0.034563,0.63133,0.1854,0.56061,0.52174,0.64286,0.69441,0.2909,0.66666,0.60001,0.7,0.89443,0.46452,0.86102,0.31213,0.24775,0.10287,0.12219,0.079254,1,0
0.13873,0.16836,0.11392,0.11638,0.14647,0.11486,0.092606,0.095207,0.10202,0.13526,0.4666,0.39126,0.42424,0.55072,0.51429,0.55093,0.56563,0.55556,0.49999,0.7,0.9521,0.247,0.85402,0.56442,0.43914,0.022297,0.11095,0.11083,1,0
0.083408,0.32758,0.02031,0.029957,0.053236,0.079008,0.25513,0.016342,0.024404,0.054895,0.55331,0.1677,0.51515,0.47826,0.44286,0.5736,0.3028,0.55556,0.49999,0.60001,0.95972,0.27693,0.988,0.2,0.21975,0.092749,0.12683,0.22848,1,0
0.053476,0.1626,0.011665,0.020919,0.094139,0.042139,0.10899,0.01044,0.018125,0.07448,0.63107,0.30583,0.68182,0.63768,0.6,0.76672,0.4741,0.8889,0.7,0.79999,0.88028,0.42261,0.87901,0.26859,0.27124,0.058085,0.12482,0.067448,1,0
0.044917,0.10713,0.01863,0.035493,0.051311,0.040931,0.086387,0.015047,0.029234,0.049448,0.59289,0.29243,0.5303,0.65217,0.61429,0.67185,0.61147,0.55556,0.60001,0.775,0.98911,0.17317,0.89002,0.53102,0.49023,0.14165,0.10714,0.18164,1,0
0.21253,0.11307,0.19114,0.21924,0.2371,0.19054,0.093926,0.15963,0.18449,0.23365,0.41749,0.55633,0.25,0.47826,0.6,0.486,0.6379,0.49999,0.4,0.64999,0.96843,0.21973,0.84903,0.52625,0.42142,0.012741,0.11943,0.10629,1,0
0.02483,0.042008,0.01863,0.021144,0.033515,0.02361,0.038604,0.015291,0.019418,0.031789,0.47031,0.4016,0.28788,0.57971,0.54286,0.46748,0.50105,0.33333,0.4,0.60001,0.98367,0.22904,0.89501,0.59185,0.50628,0.13509,0.086605,0.12732,1,0
0.050331,0.1193,0.014595,0.04655,0.077838,0.038003,0.068444,0.010329,0.038238,0.058742,0.59026,0.18163,0.5303,0.49275,0.61429,0.65145,0.20942,0.66666,0.60001,0.60001,0.90966,0.3195,0.83203,0.47018,0.18815,0.032228,0.098838,0.04617,1,0
0.035545,0.073651,0.01863,0.028435,0.043173,0.0331,0.062481,0.01574,0.023106,0.042906,0.57987,0.17609,0.60606,0.56522,0.52857,0.63933,0.37056,0.66666,0.60001,0.7,0.95864,0.40066,0.86602,0.52445,0.16098,0.21641,0.11937,0.258,1,0
0.036739,0.10269,0.02031,0.024522,0.041769,0.03448,0.085951,0.017952,0.020572,0.040321,0.72138,0.28137,0.77273,0.72464,0.68571,0.66714,0.29366,0.66666,0.60001,0.7,0.12059,0.44922,0.083183,0.22385,0.36113,0.070452,0.13914,0.094695,1,0
0.083554,0.10921,0.049983,0.081306,0.11447,0.079944,0.093274,0.043257,0.084302,0.11834,0.58546,0.28891,0.56061,0.52174,0.64286,0.66293,0.24522,0.66666,0.60001,0.7,0.92055,0.46252,0.955,0.20417,0.43976,0.036725,0.12477,0.11097,1,0
0.047793,0.09035,0.024626,0.04078,0.051311,0.040315,0.062151,0.020965,0.036776,0.05082,0.61629,0.23927,0.63636,0.5942,0.55714,0.75627,0.38132,0.7778,0.7,0.79999,0.83457,0.45521,0.81403,0.27516,0.29431,0.042346,0.12238,0.07294,1,0
0.079307,0.097946,0.045566,0.097182,0.11244,0.071314,0.081068,0.034373,0.086148,0.104,0.60713,0.29768,0.51515,0.63768,0.6,0.71785,0.36493,0.7778,0.7,0.7,0.86503,0.42461,0.88302,0.18688,0.40382,0.033914,0.12419,0.1008,1,0
0.079373,0.10679,0.049395,0.09853,0.10357,0.070365,0.08433,0.038741,0.088542,0.10165,0.62213,0.30535,0.65152,0.6087,0.57143,0.70723,0.47861,0.66666,0.7,0.7,0.85089,0.40465,0.86602,0.22565,0.3185,0.034102,0.12495,0.080206,1,0
0.061485,0.11072,0.039665,0.054241,0.056913,0.054609,0.089473,0.029635,0.048595,0.055669,0.57029,0.24014,0.62121,0.57971,0.54286,0.67545,0.3583,0.66666,0.60001,0.7,0.89443,0.45521,0.94401,0.17316,0.48291,0.056586,0.12486,0.1258,1,0
0.017353,0.067956,0.0030715,0.01224,0.033515,0.012481,0.032957,0.0026207,0.0074654,0.020207,0.62775,0.23875,0.65152,0.6087,0.57143,0.68076,0.24416,0.66666,0.60001,0.7,0.90314,0.45786,0.84803,0.35388,0.16815,0.10999,0.1184,0.043745,1,0
0.16201,0.33069,0.03277,0.17718,0.25635,0.16945,0.26024,0.025659,0.19429,0.27187,0.65897,0.35475,0.56818,0.69565,0.65714,0.62511,0.36759,0.61113,0.60001,0.64999,0.85741,0.44855,0.77505,0.58648,0.19021,0.015552,0.11642,0.057956,1,0
0.14651,0.33782,0.04853,0.10739,0.21772,0.13865,0.2686,0.037919,0.10055,0.23943,0.79077,0.30133,0.81818,0.76812,0.72857,0.82541,0.34873,0.8889,0.7,0.79999,0.87593,0.29757,0.91401,0.16242,0.29138,0.031104,0.12614,0.13975,1,0
0.04279,0.063281,0.029227,0.04078,0.044067,0.038606,0.052211,0.024487,0.03624,0.042232,0.77037,0.27907,0.78788,0.73913,0.7,0.88226,0.35639,0.97223,0.79999,0.79999,0.82586,0.38536,0.85902,0.21193,0.32393,0.05415,0.12554,0.085572,1,0
0.045901,0.11286,0.021512,0.024522,0.048789,0.042983,0.092355,0.0179,0.02218,0.049861,0.68143,0.45361,0.56061,0.73913,0.7,0.63262,0.48061,0.66666,0.60001,0.7,0.97169,0.24035,0.86002,0.48987,0.33445,0.049466,0.1196,0.083414,1,0
0.08733,0.28906,0.015764,0.032267,0.11255,0.085548,0.23221,0.01346,0.020529,0.11962,0.71261,0.38846,0.63636,0.63768,0.77143,0.80958,0.54978,0.8889,0.79999,0.79999,0.93905,0.24168,0.78604,0.50895,0.37817,0.029792,0.12409,0.095803,1,0
0.18962,0.078469,0.1855,0.19532,0.20306,0.17446,0.073516,0.14998,0.18768,0.19914,0.42771,0.47368,0.33333,0.42029,0.5,0.41647,0.5718,0.38889,0.34999,0.49999,0.91728,0.32683,0.78804,0.50119,0.24236,0.0071201,0.12454,0.059672,1,0
0.08856,0.13989,0.050359,0.064803,0.12269,0.085718,0.11627,0.044263,0.069729,0.12431,0.50917,0.37412,0.5,0.46377,0.6,0.5973,0.47612,0.55556,0.49999,0.64999,0.90204,0.31086,0.79404,0.56442,0.35251,0.028106,0.11964,0.088153,1,0
0.016475,0.039686,0.0085427,0.016417,0.018152,0.015856,0.035978,0.0076538,0.014806,0.016451,0.71633,0.36967,0.56061,0.68116,0.8,0.79202,0.49481,0.7778,0.79999,0.79999,0.96735,0.35942,0.92801,0.21968,0.24502,0.55518,0.12226,0.27554,1,0
0.028514,0.071824,0.018306,0.021144,0.034458,0.025326,0.054728,0.015279,0.019231,0.032267,0.7654,0.46291,0.66667,0.81159,0.77143,0.63002,0.37689,0.55556,0.60001,0.7,0.18154,0.28292,0.19917,0.58171,0.41689,0.1306,0.14079,0.1161,1,0
0.0097501,0.019712,0.0065253,0.016049,0.013046,0.0098767,0.020884,0.0057727,0.014188,0.012792,0.84714,0.23285,0.84848,0.7971,0.75714,0.86043,0.45698,0.86113,0.7,0.90001,0.11189,0.45588,0.12218,0.19702,0.41048,0.27337,0.10632,0.10553,1,0
0.064565,0.15321,0.011429,0.036995,0.11304,0.055792,0.11737,0.0077996,0.030966,0.10433,0.75966,0.29613,0.75758,0.71014,0.67143,0.82317,0.4472,0.7778,0.79999,0.90001,0.18698,0.44256,0.13117,0.25428,0.30824,0.046843,0.13467,0.077086,1,0
0.24395,0.26126,0.16799,0.21441,0.30109,0.23161,0.21006,0.138,0.19201,0.31772,0.49712,0.44708,0.48105,0.56522,0.52857,0.62004,0.68143,0.58333,0.60001,0.7,0.91945,0.47783,0.93601,0.20895,0.44349,0.011242,0.12393,0.11015,1,0
0.29075,0.082372,0.29154,0.29055,0.28899,0.26817,0.079153,0.24541,0.26553,0.29332,0.66306,0.36725,0.72727,0.68116,0.64286,0.71785,0.42446,0.66666,0.64999,0.79999,0.83021,0.43924,0.85003,0.27157,0.29904,0.0054338,0.12531,0.074884,1,0
0.14423,0.11161,0.11954,0.1266,0.1628,0.13665,0.095145,0.10276,0.12209,0.17616,0.722,0.27806,0.59091,0.73913,0.7,0.79202,0.34657,0.7778,0.7,0.79999,0.83783,0.43259,0.82903,0.27993,0.26172,0.01143,0.12422,0.064658,1,0
0.065906,0.14734,0.022066,0.040733,0.093703,0.055652,0.10587,0.01772,0.035464,0.081282,0.75639,0.34675,0.72727,0.71014,0.67143,0.818,0.33914,0.7778,0.7,0.79999,0.81607,0.46518,0.78604,0.39682,0.12048,0.066892,0.12509,0.10114,1,0
0.075137,0.14754,0.04773,0.05154,0.10664,0.068745,0.12329,0.036901,0.045986,0.099636,0.73238,0.32041,0.77273,0.72464,0.68571,0.85879,0.47095,0.8889,0.79999,0.79999,0.85415,0.46186,0.86902,0.22505,0.39474,0.042533,0.12407,0.10616,1,0
0.045585,0.10164,0.017669,0.04078,0.064947,0.034009,0.054892,0.012869,0.035581,0.044033,0.85339,0.21173,0.87879,0.82609,0.78571,0.8407,0.21156,0.8889,0.79999,0.79999,0.82477,0.39135,0.79104,0.29125,0.17738,0.029979,0.12303,0.044171,1,0
0.10329,0.15288,0.065005,0.10707,0.10865,0.090636,0.12059,0.055249,0.093329,0.10577,0.70536,0.42018,0.65152,0.76812,0.72857,0.75958,0.49365,0.7778,0.7,0.79999,0.84871,0.47982,0.87702,0.21491,0.44024,0.029792,0.12426,0.11199,1,0
0.046844,0.10933,0.015764,0.035151,0.074207,0.037754,0.074981,0.013044,0.03111,0.05196,0.71519,0.38377,0.75758,0.71014,0.67143,0.84474,0.55728,0.80556,0.79999,0.90001,0.83674,0.40732,0.81803,0.3169,0.16888,0.035413,0.12513,0.048041,1,0
0.10303,0.2804,0.0073966,0.10619,0.13986,0.10396,0.2228,0.0061304,0.097263,0.15548,0.76364,0.43514,0.69697,0.81159,0.77143,0.98277,0.56239,1,0.90001,1,0.93686,0.20243,0.966,0.13201,0.22001,0.032977,0.1268,0.065455,1,0
0.12528,0.49998,0.016824,0.044335,0.10415,0.11631,0.38885,0.013529,0.039874,0.086484,0.83447,0.36511,0.72727,0.84058,0.82857,0.94712,0.52366,1,0.79999,0.925,0.82803,0.29423,0.75104,0.5179,0.29888,0.077384,0.10539,0.19999,1,0
0.44198,0.29542,0.37859,0.43117,0.50062,0.45517,0.18693,0.39268,0.42567,0.52751,0.59594,0.34512,0.52273,0.57971,0.58571,0.81429,0.3389,0.83333,0.79999,0.79999,0.84653,0.49113,0.89501,0.23817,0.4325,0.0056211,0.12511,0.1062,1,0
0.31492,0.20326,0.28266,0.27375,0.33625,0.30564,0.17476,0.24736,0.27651,0.36638,0.61122,0.38087,0.68182,0.63768,0.6,0.68076,0.56948,0.66666,0.7,0.7,0.82477,0.43526,0.82003,0.27396,0.27563,0.0041222,0.12423,0.068376,1,0
0.03921,0.10467,0.015631,0.033647,0.045209,0.033347,0.07719,0.011416,0.028005,0.04296,0.89946,0.203,0.89394,0.84058,0.8,0.95724,0.33841,1,0.90001,0.925,0.83021,0.36474,0.84303,0.21491,0.28,0.06558,0.12523,0.072639,1,0
0.18499,0.092925,0.16907,0.18768,0.20663,0.16426,0.073828,0.14149,0.16946,0.19996,0.61941,0.51848,0.60606,0.57971,0.74286,0.69929,0.60537,0.72223,0.7,0.7,0.80953,0.41197,0.86602,0.22505,0.35526,0.012554,0.12591,0.090909,1,0
0.053136,0.15742,0.015748,0.022122,0.075029,0.039692,0.085434,0.013231,0.01938,0.064256,0.82364,0.15959,0.83333,0.78261,0.74286,0.95894,0.3389,1,0.85,1,0.80736,0.40531,0.82304,0.25785,0.27136,0.03991,0.12538,0.067579,1,0
0.11956,0.090226,0.11278,0.11873,0.12743,0.11284,0.076175,0.097407,0.10693,0.12559,0.6454,0.28734,0.68182,0.63768,0.6,0.76859,0.38338,0.7778,0.7,0.79999,0.92381,0.44123,0.92801,0.20537,0.39414,0.022672,0.12378,0.099278,1,0
0.050604,0.15145,0.0080166,0.021672,0.081585,0.046083,0.1182,0.0068665,0.019269,0.078097,0.81079,0.3637,0.69697,0.71014,0.84286,0.89645,0.37295,0.8889,0.79999,0.90001,0.92381,0.41729,0.87901,0.32764,0.15629,0.33895,0.12312,0.19146,1,0
0.014849,0.023798,0.013586,0.017992,0.015414,0.012838,0.021192,0.011054,0.015072,0.015125,0.6758,0.30016,0.71212,0.66667,0.62857,0.8662,0.38862,0.8889,0.79999,0.79999,0.94667,0.40266,0.88202,0.36999,0.065113,0.031291,0.12161,0.016647,1,0
0.017961,0.023286,0.018237,0.017992,0.016169,0.015497,0.017154,0.01457,0.016501,0.016265,0.77358,0.33654,0.66667,0.78261,0.74286,0.85692,0.33337,0.94447,0.79999,0.79999,0.9151,0.40732,0.87103,0.35805,0.09787,0.035601,0.12507,0.025408,1,0
0.069657,0.16882,0.035545,0.046201,0.075932,0.066049,0.13744,0.023778,0.042235,0.084058,0.73019,0.3121,0.75758,0.71014,0.67143,0.72082,0.44315,0.7778,0.7,0.72499,0.89878,0.4113,0.92601,0.2328,0.32726,0.032603,0.12551,0.082092,1,0
0.05845,0.17539,0.01732,0.031029,0.073768,0.052574,0.1394,0.013911,0.020449,0.050787,0.70964,0.38684,0.75758,0.71014,0.67143,0.80738,0.50442,0.8889,0.79999,0.79999,0.88028,0.36408,0.88601,0.18211,0.32493,0.052651,0.12451,0.086209,1,0
0.25473,0.20244,0.19204,0.2402,0.32335,0.23142,0.17899,0.16245,0.19685,0.34109,0.64261,0.54362,0.60606,0.66667,0.71429,0.69465,0.58018,0.7778,0.64999,0.75001,0.83348,0.43858,0.89202,0.22744,0.38759,0.0084317,0.12574,0.096736,1,0
0.14528,0.060819,0.14278,0.14522,0.15516,0.1312,0.05219,0.12131,0.13159,0.13442,0.5239,0.4946,0.5,0.62319,0.58571,0.58802,0.63508,0.55556,0.60001,0.7,0.91184,0.25032,0.77605,0.48151,0.31846,0.014053,0.12389,0.07991,1,0
0.029206,0.11451,0.007687,0.014888,0.018435,0.02436,0.086476,0.006188,0.012105,0.015552,0.72037,0.33747,0.68182,0.63768,0.62499,0.88536,0.39189,1,0.79999,0.79999,0.9151,0.30222,0.82603,0.36342,0.050739,0.14484,0.12531,0.055307,1,0
0.020618,0.1048,0.0040873,0.0099635,0.015095,0.013036,0.044514,0.0034178,0.0077493,0.013409,0.79711,0.34949,0.68182,0.83333,0.8,0.92766,0.40556,1,0.79999,0.90001,0.89769,0.40465,0.87402,0.31034,0.17489,0.14503,0.12501,0.04684,1,0
0.077781,0.19831,0.022953,0.046136,0.095605,0.074949,0.15524,0.019653,0.045483,0.096901,0.64102,0.54298,0.59091,0.73913,0.7,0.67645,0.72214,0.55556,0.7,0.79999,0.99891,0.24168,0.85603,0.4851,0.33544,0.035413,0.12364,0.095074,1,0
0.13485,0.063398,0.13841,0.13731,0.14278,0.12409,0.058192,0.11563,0.1247,0.14028,0.56249,0.48045,0.37879,0.55072,0.71429,0.60922,0.60837,0.55556,0.60001,0.7,0.963,0.28559,0.80204,0.50596,0.31948,0.015552,0.12508,0.080741,1,0
0.14302,0.13241,0.11439,0.15295,0.17633,0.12763,0.10844,0.095755,0.13839,0.16675,0.55773,0.51577,0.43939,0.56522,0.74286,0.56205,0.69098,0.36113,0.49999,0.7,0.94231,0.29423,0.79404,0.56024,0.38204,0.018175,0.12374,0.094705,1,0
0.011096,0.041112,0.0073985,0.013715,0.011237,0.0091341,0.020677,0.0063553,0.011933,0.011302,0.59852,0.46422,0.5,0.68116,0.64286,0.70263,0.50852,0.66666,0.7,0.79999,0.9151,0.31418,0.87702,0.39384,0.090546,1.0109,0.1305,0.12067,1,0
0.21681,0.21729,0.15871,0.22885,0.2637,0.20121,0.17876,0.13112,0.22213,0.26128,0.63725,0.35533,0.68182,0.66667,0.62857,0.74068,0.43255,0.86113,0.7,0.72499,0.87702,0.41197,0.89002,0.30736,0.2145,0.060521,0.12622,0.18112,1,0
0.053467,0.10433,0.030346,0.045969,0.075198,0.048581,0.087027,0.025269,0.040312,0.059403,0.7115,0.43354,0.69697,0.65217,0.69286,0.86156,0.56227,0.8889,0.79999,0.90001,0.85741,0.46585,0.85803,0.3163,0.25829,0.044032,0.12501,0.070802,1,0
0.26643,0.24761,0.18042,0.25193,0.36182,0.21604,0.16904,0.14618,0.22716,0.25715,0.45139,0.45435,0.26136,0.37681,0.58571,0.47409,0.54993,0.36113,0.4,0.625,0.9434,0.3368,0.81203,0.53042,0.27236,0.0054338,0.12405,0.068629,1,0
0.31403,0.31959,0.20917,0.33742,0.41154,0.27331,0.26393,0.16119,0.26688,0.42214,0.48093,0.66564,0.33333,0.4058,0.71429,0.49992,0.92093,0.33333,0.4,0.7,0.94667,0.27361,0.80304,0.53639,0.37173,0.0071201,0.12352,0.098311,1,0
0.037988,0.074399,0.022472,0.026733,0.048128,0.032724,0.058161,0.016433,0.020463,0.047137,0.40817,0.36877,0.28788,0.26087,0.57143,0.48507,0.459,0.33333,0.4,0.49999,0.9336,0.38868,0.81203,0.54891,0.22622,0.042346,0.12408,0.059045,1,0
0.060212,0.11396,0.028405,0.04211,0.091043,0.056345,0.097764,0.021813,0.03022,0.096456,0.38038,0.52701,0.15152,0.28986,0.45714,0.42852,0.58694,0.33333,0.30001,0.49999,0.96517,0.35078,0.81903,0.58648,0.34359,0.044969,0.12396,0.087555,1,0
0.16889,0.30456,0.062583,0.16067,0.26936,0.17264,0.23708,0.05419,0.15227,0.28776,0.5105,0.48394,0.48485,0.44928,0.64286,0.55935,0.59789,0.55556,0.49999,0.67501,0.89334,0.49313,0.92201,0.26919,0.38051,0.012741,0.12501,0.093519,1,0
0.22937,0.091566,0.22359,0.24044,0.24875,0.20418,0.072071,0.18604,0.19541,0.23838,0.58472,0.50263,0.60606,0.56522,0.65714,0.69665,0.54993,0.69446,0.7,0.775,0.88136,0.44058,0.90201,0.28648,0.28336,0.0069327,0.12569,0.069596,1,0
0.043911,0.088484,0.018237,0.038177,0.075412,0.036603,0.068104,0.015493,0.029267,0.072015,0.78279,0.42165,0.72727,0.68116,0.81429,0.91721,0.49204,1,0.79999,0.90001,0.87157,0.38603,0.85402,0.32167,0.1387,0.027169,0.12603,0.035361,1,0
0.038735,0.092754,0.015748,0.024297,0.053896,0.033331,0.073197,0.013274,0.016383,0.040443,0.81789,0.35808,0.76515,0.73913,0.9,0.89361,0.20606,0.91667,0.79999,0.79999,0.93143,0.45387,0.89702,0.3521,0.17387,0.034102,0.12426,0.044212,1,0
0.032779,0.080226,0.016564,0.025984,0.039717,0.030601,0.06888,0.014371,0.017194,0.039251,0.71696,0.3697,0.62121,0.75362,0.71429,0.82911,0.51797,0.8889,0.79999,0.85,0.86177,0.44256,0.83603,0.35388,0.15806,0.069702,0.12494,0.042006,1,0
0.46115,0.18173,0.42995,0.44439,0.49122,0.44272,0.16195,0.38366,0.44001,0.50495,0.40275,0.6867,0.2197,0.52174,0.52501,0.52496,0.70229,0.38889,0.49999,0.64999,0.92055,0.3102,0.74904,0.54116,0.34728,0.0029979,0.12534,0.084552,1,0
0.034603,0.10065,0.011905,0.01825,0.041981,0.029491,0.077112,0.0079487,0.014672,0.040392,0.84289,0.38511,0.87879,0.82609,0.78571,1.0074,0.55317,1,1,1,0.96843,0.24966,0.95401,0.23758,0.10649,0.060146,0.12727,0.061314,0,0
0.037714,0.33624,0.0076384,0.013715,0.034924,0.034757,0.27302,0.006402,0.011251,0.032962,0.6841,0.41344,0.60985,0.62319,0.78571,0.70229,0.45388,0.66666,0.60001,0.7,0.040052,0.47783,0.88402,0.33777,1.3263,0.20967,0.12799,0.45542,0,0
0.007966,0.024622,0.0065253,0.0061578,0.010789,0.0076796,0.022515,0.0057546,0.0057909,0.01005,0.7995,0.37172,0.80303,0.76812,0.72857,0.77553,0.27843,0.7778,0.7,0.79999,0.95538,0.45721,0.91001,0.34314,0.18788,0.14034,0.12252,0.049348,1,0
0.012947,0.026386,0.007687,0.016417,0.012513,0.011761,0.023505,0.0067137,0.015227,0.012685,0.8176,0.30146,0.78788,0.75362,0.71429,0.78191,0.36392,0.7778,0.7,0.72499,0.83021,0.43059,0.77505,0.4827,0.053254,0.079071,0.13378,0.036419,1,0
0.11588,0.092606,0.10941,0.11044,0.12235,0.099864,0.056231,0.084467,0.098923,0.11188,0.68589,0.39451,0.67804,0.68116,0.64286,0.85058,0.40978,1,0.79999,0.79999,0.87483,0.43658,0.91401,0.22088,0.38286,0.022859,0.12531,0.09715,1,0
0.011833,0.042931,0.0060485,0.0067759,0.010644,0.01006,0.027505,0.0054202,0.0062381,0.01074,0.7885,0.34654,0.63636,0.76812,0.81429,0.9069,0.35834,1,0.79999,0.90001,0.85852,0.47583,0.85503,0.32287,0.25939,0.17088,0.12475,0.067803,1,0
0.0077948,0.024539,0.0044762,0.0067759,0.008501,0.0073608,0.021693,0.0040806,0.0062035,0.0084536,0.76699,0.24963,0.77273,0.72464,0.68571,0.93958,0.37188,1,0.85,0.90001,0.85741,0.44123,0.83102,0.34374,0.17053,0.14784,0.12456,0.045692,1,0
0.054208,0.097089,0.023433,0.046183,0.069339,0.048882,0.079008,0.019457,0.041661,0.058125,0.68245,0.44201,0.59091,0.71014,0.67143,0.78325,0.5316,0.8889,0.79999,0.79999,0.87157,0.4878,0.934,0.24414,0.43066,0.05415,0.12559,0.1105,1,0
0.056769,0.081734,0.041841,0.04838,0.066106,0.049884,0.065886,0.034543,0.044225,0.046551,0.69902,0.38588,0.69697,0.71014,0.67143,0.85976,0.5242,0.8889,0.79999,0.87499,0.87157,0.43791,0.87502,0.30856,0.23634,0.029792,0.12552,0.062816,1,0
0.014695,0.048272,0.0077281,0.013883,0.014748,0.010583,0.018994,0.0062908,0.012987,0.01283,0.64811,0.21676,0.60606,0.56522,0.68571,0.87261,0.32507,0.8889,0.79999,0.82501,0.87702,0.4878,0.81303,0.41113,0.11893,0.060896,0.10521,0.031365,1,0
0.012414,0.059576,0.0082902,0.011688,0.01124,0.012267,0.051605,0.0073595,0.010661,0.011404,0.70499,0.40702,0.57576,0.65217,0.75714,0.73975,0.42825,0.7778,0.7,0.79999,0.89334,0.47251,0.89602,0.32882,0.25214,0.15027,0.12535,0.073635,1,0
0.0042165,0.019096,0.003898,0.0050687,0.0031203,0.0044284,0.019044,0.0035033,0.0047262,0.0028573,0.76676,0.25281,0.80303,0.75362,0.71429,0.92185,0.39355,1,0.90001,0.90001,0.8596,0.4286,0.81803,0.33241,0.16369,0.18344,0.12244,0.043542,1,0
0.027045,0.029682,0.02031,0.026323,0.037916,0.024949,0.028721,0.017379,0.021068,0.036471,0.75205,0.28491,0.78788,0.73913,0.7,0.84587,0.40196,0.8889,0.79999,0.79999,0.84871,0.43858,0.82503,0.32882,0.19005,0.04703,0.12433,0.04843,1,0
0.039855,0.057851,0.034747,0.04078,0.038676,0.033519,0.035731,0.02572,0.037222,0.03817,0.81314,0.41109,0.72727,0.84058,0.8,0.83325,0.40235,0.8889,0.79999,0.79999,0.84545,0.43192,0.83503,0.29185,0.2427,0.038224,0.12446,0.061251,1,0
0.039789,0.075828,0.023275,0.040089,0.043399,0.037675,0.065048,0.018619,0.035148,0.043114,0.70456,0.3621,0.62121,0.73913,0.7,0.82654,0.53407,0.8889,0.79999,0.90001,0.85633,0.45654,0.84803,0.32287,0.23131,0.039723,0.12487,0.061159,1,0
0.027863,0.031954,0.020911,0.023473,0.040492,0.025691,0.030007,0.017294,0.020819,0.039956,0.68562,0.3117,0.72727,0.68116,0.64286,0.85335,0.48935,0.8889,0.79999,0.79999,0.86395,0.47783,0.86403,0.30796,0.28605,0.067641,0.12462,0.075244,1,0
0.018323,0.063655,0.0060576,0.011241,0.029132,0.017763,0.05526,0.0053711,0.0084031,0.029174,0.74778,0.31362,0.69697,0.68116,0.77143,0.90329,0.38886,0.91667,0.79999,0.90001,0.86503,0.4838,0.84303,0.3515,0.21813,0.11673,0.12404,0.057125,1,0
0.016282,0.043761,0.012206,0.016049,0.014748,0.015404,0.039513,0.009378,0.014882,0.014801,0.69878,0.33939,0.59091,0.72464,0.68571,0.89067,0.50519,0.94447,0.79999,0.90001,0.87702,0.46318,0.86403,0.36581,0.17669,0.080944,0.1256,0.050986,1,0
0.052113,0.092832,0.045668,0.048481,0.044471,0.050676,0.080134,0.040127,0.04472,0.044361,0.73302,0.45763,0.80303,0.75362,0.71429,0.84767,0.59894,0.8889,0.79999,0.90001,0.8694,0.44989,0.87602,0.33539,0.21648,0.029792,0.12593,0.055803,1,0
0.024018,0.051439,0.015628,0.019118,0.031862,0.023412,0.045841,0.013439,0.016704,0.033196,0.70399,0.37122,0.60606,0.63768,0.75714,0.83652,0.40152,0.8889,0.79999,0.79999,0.89224,0.45986,0.86002,0.36819,0.1575,0.04703,0.12455,0.040547,1,0
0.016567,0.035405,0.015373,0.016417,0.014748,0.015641,0.033226,0.012139,0.015143,0.014676,0.72515,0.41141,0.66667,0.62319,0.75714,0.85692,0.47608,0.8889,0.79999,0.79999,0.88028,0.47915,0.85902,0.36282,0.19628,0.082631,0.12466,0.055676,1,0
0.020187,0.035378,0.01863,0.017992,0.018152,0.019674,0.034061,0.015625,0.016579,0.018366,0.67446,0.39574,0.63636,0.75362,0.71429,0.76802,0.4913,0.7778,0.7,0.79999,0.87919,0.4878,0.87302,0.35865,0.22265,0.073824,0.12525,0.061727,1,0
0.02613,0.042016,0.01863,0.021144,0.036875,0.024806,0.039068,0.014627,0.019386,0.036087,0.65398,0.42309,0.63636,0.5942,0.62857,0.76111,0.58159,0.7778,0.7,0.79999,0.88681,0.48714,0.87602,0.37594,0.19465,0.055274,0.12547,0.052993,1,0
0.029352,0.095457,0.012654,0.017204,0.036384,0.027722,0.079051,0.010911,0.015387,0.031008,0.71635,0.37215,0.65152,0.6087,0.75714,0.82327,0.41026,0.8889,0.7,0.79999,0.87702,0.49379,0.92801,0.28111,0.37885,0.1053,0.12571,0.098593,1,0
0.081831,0.26458,0.018237,0.021927,0.13296,0.077012,0.20921,0.014314,0.018232,0.13094,0.64811,0.46515,0.66667,0.65217,0.61429,0.77283,0.62162,0.8889,0.7,0.79999,0.87483,0.42593,0.76905,0.57753,0.21414,0.048342,0.12302,0.11643,1,0
0.30622,0.18676,0.26417,0.30064,0.3432,0.28959,0.16521,0.21753,0.31166,0.35299,0.46777,0.70229,0.30303,0.44928,0.68571,0.52179,0.74821,0.55556,0.49999,0.64999,0.92707,0.32351,0.79604,0.53698,0.3005,0.0056211,0.12368,0.081028,1,0
0.18491,0.17339,0.13619,0.21055,0.22333,0.16955,0.14618,0.10564,0.20395,0.22414,0.35011,0.6995,0.15531,0.34783,0.56071,0.39827,0.74746,0.30556,0.30001,0.55,0.94558,0.30953,0.81203,0.59185,0.40314,0.015552,0.12217,0.11134,1,0
0.18755,0.33788,0.10919,0.14504,0.26256,0.17303,0.26399,0.08775,0.13016,0.27463,0.57886,0.52094,0.40909,0.56522,0.68571,0.67679,0.62272,0.55556,0.64999,0.79999,0.94993,0.26564,0.95,0.20358,0.17349,0.042346,0.12655,0.25155,1,0
0.16038,0.23071,0.067302,0.16809,0.22743,0.13812,0.17624,0.051622,0.14872,0.18471,0.69581,0.40094,0.57576,0.73913,0.7,0.79202,0.50223,0.83333,0.75001,0.79999,0.85307,0.43658,0.948,0.21968,0.42705,0.01855,0.12628,0.11066,1,0
0.23536,0.20156,0.18135,0.20676,0.2836,0.20485,0.16586,0.15173,0.17254,0.27099,0.54028,0.54978,0.40152,0.58696,0.65714,0.68076,0.69469,0.66666,0.60001,0.75001,0.86831,0.43459,0.93601,0.22505,0.3954,0.0099307,0.12598,0.10034,1,0
0.14549,0.16951,0.10546,0.16749,0.16843,0.12701,0.12366,0.08459,0.14584,0.16329,0.74609,0.48117,0.63636,0.76812,0.78571,0.82381,0.58783,0.86113,0.79999,0.82501,0.83457,0.49578,0.955,0.23102,0.50217,0.02567,0.12622,0.13469,1,0
0.032166,0.099138,0.0079354,0.011934,0.042617,0.024812,0.070878,0.0058275,0.010928,0.02962,0.69308,0.49983,0.74242,0.69565,0.65714,0.77967,0.57703,0.7778,0.75001,0.79999,0.89334,0.41863,0.86202,0.35627,0.12213,0.086753,0.12554,0.03301,1,0
0.012477,0.043574,0.0052814,0.01373,0.012754,0.011978,0.038777,0.0045441,0.012021,0.01272,0.81711,0.34302,0.77273,0.72464,0.85714,0.95557,0.37934,1,0.90001,0.90001,0.86395,0.4419,0.90201,0.29245,0.28974,0.19674,0.12613,0.075871,1,0
0.0048442,0.015991,0.0056375,0.0057099,0.0063987,0.0043993,0.012729,0.0045749,0.0053887,0.0067666,0.76948,0.32145,0.66667,0.78261,0.74286,0.91638,0.41354,0.8889,0.79999,0.90001,0.86395,0.42727,0.82404,0.37177,0.1039,0.10811,0.12486,0.027811,1,0
0.078606,0.10564,0.048109,0.08185,0.098048,0.067809,0.074326,0.041054,0.068269,0.088704,0.80986,0.35797,0.75758,0.84058,0.8,0.907,0.44492,0.8889,0.79999,1,0.85633,0.48182,0.91401,0.22326,0.44832,0.03991,0.12529,0.11406,1,0
0.050234,0.09758,0.02539,0.045969,0.056615,0.041115,0.061594,0.020961,0.03888,0.05169,0.789,0.2637,0.77273,0.72464,0.68571,0.89902,0.30738,0.8889,0.79999,0.90001,0.94231,0.42461,0.92601,0.29185,0.23418,0.034289,0.12475,0.064308,1,0
0.016528,0.058575,0.0059636,0.013715,0.015599,0.01178,0.030677,0.0050463,0.0098155,0.014211,0.74997,0.20561,0.63636,0.75362,0.71429,0.86049,0.37543,0.8889,0.79999,0.79999,0.90095,0.43259,0.86302,0.37177,0.11386,0.068203,0.12517,0.029466,1,0
0.24521,0.37597,0.15227,0.21927,0.34502,0.2463,0.27274,0.16041,0.23249,0.34868,0.60726,0.58728,0.38636,0.75362,0.71429,0.68076,0.6151,0.55556,0.7,0.79999,1.0174,0.24168,0.81403,0.53102,0.43599,0.011242,0.12533,0.11012,1,0
0.34657,0.27591,0.27916,0.39307,0.39893,0.26793,0.23221,0.18717,0.27022,0.35139,0.42977,0.54975,0.29545,0.46377,0.51429,0.43039,0.49204,0.38889,0.45001,0.49999,0.92272,0.3674,0.78704,0.48807,0.17639,0.0013116,0.12599,0.043011,1,0
0.32204,0.22647,0.28229,0.34877,0.37216,0.32527,0.12485,0.27786,0.3581,0.37065,0.56834,0.6021,0.28408,0.56522,0.74286,0.64895,0.83172,0.47223,0.4,0.87499,0.95647,0.2929,0.80704,0.54891,0.36686,0.0071201,0.12393,0.094335,1,0
0.23278,0.082828,0.2308,0.22069,0.24805,0.22337,0.055687,0.20236,0.22153,0.24472,0.55665,0.52651,0.40909,0.58696,0.67143,0.68076,0.65168,0.55556,0.64999,0.79999,0.91402,0.29158,0.78804,0.53161,0.33399,0.0084317,0.12274,0.08271,1,0
0.020182,0.052985,0.0069638,0.01811,0.033515,0.019097,0.04636,0.0060939,0.016648,0.032343,0.86093,0.34688,0.78788,0.75362,0.87143,0.9971,0.48404,1,0.90001,1,0.91293,0.42593,0.90302,0.19881,0.37695,0.19618,0.12287,0.097276,1,0
0.01375,0.043765,0.0039923,0.013715,0.022323,0.012262,0.031998,0.0036421,0.011386,0.018051,0.72212,0.43855,0.54545,0.67391,0.71429,0.78939,0.66664,0.66666,0.79999,0.90001,0.89116,0.35675,0.86902,0.43439,0.10629,0.47461,0.12991,0.10036,1,0
0.068584,0.27995,0.0058491,0.0061713,0.045827,0.06682,0.21767,0.0051905,0.006378,0.047387,0.497,0.29693,0.42424,0.56522,0.52857,0.66484,0.46235,0.61113,0.60001,0.7,0.8694,0.49778,0.91202,0.27217,0.38995,0.080757,0.12535,0.098933,1,0
0.28508,0.0909,0.2761,0.26714,0.29817,0.26991,0.079268,0.24023,0.26725,0.30203,0.45842,0.52427,0.43939,0.43478,0.61429,0.56946,0.54524,0.66666,0.55,0.60001,0.8781,0.45187,0.87602,0.30378,0.25769,0.0043095,0.12496,0.063536,1,0
0.33814,0.077873,0.3396,0.33119,0.33982,0.31914,0.071385,0.2985,0.30582,0.34588,0.49771,0.64589,0.3144,0.65217,0.61429,0.52496,0.74885,0.38889,0.4,0.72499,0.87157,0.43724,0.87602,0.30497,0.24123,0.0028106,0.1255,0.059059,1,0
0.10707,0.17573,0.042166,0.10474,0.14281,0.097001,0.14106,0.028823,0.092211,0.13766,0.68128,0.56001,0.46592,0.68116,0.8,0.73461,0.69381,0.58333,0.79999,0.87499,0.85415,0.37339,0.77204,0.58708,0.29641,0.048342,0.11013,0.15392,1,0
0.022979,0.07032,0.013586,0.016572,0.019208,0.019535,0.053402,0.010117,0.014672,0.016815,0.48788,0.40208,0.27273,0.43478,0.55714,0.49952,0.41381,0.44446,0.4,0.60001,0.91728,0.3541,0.81303,0.5161,0.21684,0.090313,0.12208,0.055467,1,0
0.01081,0.017519,0.008395,0.01373,0.012407,0.010086,0.018668,0.0072816,0.012345,0.010893,0.83157,0.2678,0.75758,0.84058,0.8,0.76886,0.2025,0.8889,0.7,0.7,0.91728,0.34346,0.84003,0.4189,0.074153,0.048154,0.11316,0.02011,1,0
0.095514,0.18724,0.018971,0.082743,0.15429,0.083455,0.14296,0.014076,0.068902,0.14592,0.2831,0.59133,0.15152,0.13043,0.51429,0.35157,0.66592,0.33333,0.19999,0.45001,0.9521,0.31818,0.81704,0.58887,0.38709,0.047405,0.12252,0.10432,1,0
0.11587,0.19445,0.050977,0.10948,0.17821,0.10417,0.15003,0.038731,0.089574,0.16689,0.44064,0.56382,0.25,0.44928,0.58571,0.5027,0.61833,0.33333,0.4,0.67501,0.9064,0.35543,0.92101,0.24473,0.23352,0.055274,0.12613,0.20122,1,0
0.14167,0.045826,0.13824,0.138,0.14022,0.13141,0.043861,0.11856,0.12931,0.13888,0.64363,0.433,0.48485,0.72464,0.68571,0.70162,0.52175,0.66666,0.64999,0.75001,0.88028,0.48182,0.91501,0.25487,0.38963,0.01855,0.12511,0.098506,1,0
0.1577,0.055825,0.15497,0.15357,0.16977,0.14606,0.053962,0.13045,0.1467,0.17212,0.67251,0.48655,0.53788,0.78261,0.74286,0.76635,0.51061,0.7778,0.7,0.82501,0.88462,0.46518,0.92002,0.26979,0.34806,0.01424,0.12554,0.087094,1,0
0.084099,0.19878,0.017618,0.086947,0.11079,0.065078,0.11591,0.013798,0.070409,0.10416,0.74376,0.35192,0.71212,0.66667,0.8,0.8662,0.38844,0.8889,0.79999,0.90001,0.86721,0.47184,0.88502,0.29245,0.31157,0.03279,0.12521,0.081801,1,0
0.098578,0.064746,0.097216,0.1095,0.10509,0.090185,0.056599,0.080278,0.096199,0.10505,0.73219,0.44007,0.68182,0.63768,0.78571,0.76729,0.47642,0.7778,0.7,0.79999,0.89224,0.44657,0.90801,0.26561,0.31754,0.022672,0.12514,0.083181,1,0
0.09634,0.11802,0.056704,0.093257,0.12954,0.086359,0.099935,0.045822,0.084294,0.12749,0.69581,0.42197,0.62879,0.76812,0.72857,0.73638,0.39134,0.66666,0.7,0.79999,0.89116,0.47184,0.89702,0.31928,0.26681,0.020049,0.1253,0.06896,1,0
0.066948,0.11887,0.034309,0.052122,0.10247,0.060993,0.096864,0.022421,0.046413,0.099152,0.84162,0.40576,0.70455,0.83333,0.8,0.96588,0.4712,0.8889,0.90001,1,0.87266,0.46053,0.91801,0.20716,0.43703,0.047405,0.12504,0.11257,1,0
0.10642,0.36861,0.015764,0.030661,0.11218,0.098013,0.28821,0.013962,0.024191,0.12674,0.76367,0.39737,0.75758,0.71014,0.79286,0.9069,0.52625,1,0.79999,0.90001,0.91619,0.35011,0.77904,0.52982,0.25823,0.05846,0.12483,0.15956,1,0
0.17811,0.12601,0.15817,0.17048,0.21122,0.17037,0.10595,0.13605,0.16557,0.21117,0.47329,0.63435,0.24242,0.55072,0.54642,0.58969,0.82049,0.36113,0.49999,0.7,0.93143,0.26163,0.80204,0.57336,0.43968,0.017051,0.12124,0.11303,1,0
0.28177,0.10511,0.27167,0.28755,0.29962,0.26186,0.096369,0.22489,0.28132,0.29817,0.51688,0.72458,0.26515,0.47826,0.72857,0.48998,0.84513,0.36113,0.4,0.7,0.91728,0.3122,0.79903,0.52327,0.29014,0.0056211,0.1226,0.075064,1,0
0.19447,0.1018,0.17899,0.20034,0.21789,0.18242,0.089968,0.15009,0.18966,0.22165,0.55174,0.68553,0.31818,0.53623,0.77143,0.60284,0.715,0.44446,0.55,0.79999,0.95538,0.31485,0.80503,0.55487,0.34694,0.011242,0.12424,0.089572,1,0
0.057967,0.19826,0.010343,0.01825,0.042574,0.054377,0.15534,0.0091706,0.016383,0.044279,0.8239,0.35648,0.77273,0.72464,0.84286,0.95346,0.50246,1,0.90001,1,0.96843,0.28292,0.80104,0.58768,0.44623,0.23272,0.124,0.25002,1,0
0.036746,0.17184,0.0071101,0.016417,0.035479,0.034673,0.13607,0.0063906,0.014414,0.03498,0.65722,0.34174,0.57576,0.62319,0.65714,0.77273,0.4123,0.7778,0.7,0.79999,0.94231,0.27228,0.958,0.23579,0.16213,0.48229,0.12723,0.21502,0,0
-0.0023857,-0.0010537,0.0014011,0.0013192,-0.0018383,-0.00083003,0.0050019,0.0013862,0.0015244,-0.00029276,0.722,0.41091,0.77273,0.72464,0.68571,0.83652,0.55071,0.8889,0.75001,0.90001,0.84871,0.4286,0.79003,0.42485,0.016836,0.06127,0.12544,0.0048426,1,0
0.17468,0.064009,0.17064,0.17393,0.18659,0.15854,0.056463,0.14496,0.15378,0.18105,0.7381,0.46067,0.71212,0.66667,0.84286,0.81059,0.66347,0.66666,0.75001,0.90001,0.99564,0.21441,0.82203,0.46482,0.35829,0.012929,0.12508,0.088547,1,0
0.024934,0.074757,0.0094393,0.016417,0.035049,0.022619,0.059608,0.0082667,0.014693,0.034979,0.48754,0.54863,0.19697,0.50725,0.64286,0.47783,0.58887,0.33333,0.45001,0.60001,0.91945,0.28692,0.81303,0.58768,0.42132,0.19318,0.11706,0.11189,1,0
0.038959,0.18465,0.015764,0.018913,0.03581,0.036654,0.14437,0.012871,0.0171,0.034151,0.36968,0.59466,0.15152,0.31884,0.64286,0.47596,0.70334,0.33333,0.30001,0.67501,0.91076,0.29889,0.96001,0.23399,0.22492,0.25389,0.12719,0.25832,0,0
0.38611,0.032912,0.40332,0.3905,0.37361,0.36113,0.020887,0.3563,0.3606,0.3686,0.45514,0.3129,0.45076,0.49275,0.45714,0.54723,0.28474,0.61113,0.49999,0.52501,0.89443,0.45786,0.90402,0.3002,0.27878,0.0028106,0.12534,0.067988,1,0
0.33016,0.033345,0.34575,0.34052,0.31935,0.31156,0.006198,0.31214,0.31547,0.31265,0.54682,0.3427,0.53408,0.57971,0.54286,0.63623,0.47218,0.61113,0.60001,0.64999,0.8879,0.42061,0.89702,0.29065,0.24476,0.0029979,0.12572,0.059997,1,0
0.21529,0.11982,0.192,0.21899,0.23941,0.21945,0.071054,0.1959,0.21919,0.24621,0.54355,0.71242,0.30303,0.57971,0.74286,0.54723,0.80958,0.44446,0.49999,0.72499,0.87048,0.34014,0.86902,0.28111,0.15256,0.0028106,0.12657,0.037159,1,0
0.064966,0.098172,0.034803,0.054329,0.093926,0.059926,0.0824,0.027811,0.049704,0.092101,0.71344,0.22758,0.65152,0.6087,0.72857,0.87335,0.28051,0.8889,0.79999,0.90001,0.87266,0.44855,0.88502,0.27038,0.31014,0.034102,0.125,0.07973,1,0
0.13239,0.088379,0.12086,0.13559,0.14398,0.12048,0.076834,0.10225,0.12127,0.14094,0.61251,0.2153,0.50378,0.63768,0.6,0.70693,0.3253,0.66666,0.7,0.7,0.88136,0.46785,0.92401,0.25308,0.37971,0.020049,0.12547,0.098282,1,0
0.10021,0.12056,0.065566,0.11252,0.13289,0.087573,0.09537,0.051387,0.10009,0.12186,0.72037,0.466,0.57198,0.78261,0.74286,0.79857,0.5918,0.7778,0.7,0.90001,0.88028,0.44256,0.90302,0.28708,0.28649,0.020049,0.12572,0.07556,1,0
0.063606,0.14994,0.029907,0.04775,0.089921,0.04715,0.068589,0.023405,0.042736,0.082109,0.68295,0.36546,0.59091,0.71014,0.67143,0.78672,0.46843,0.7778,0.7,0.79999,0.88028,0.48914,0.87203,0.35328,0.23077,0.029792,0.125,0.062622,1,0
0.091538,0.091527,0.05923,0.10057,0.11185,0.086535,0.075124,0.05728,0.091115,0.11075,0.66258,0.37991,0.56061,0.69565,0.71429,0.75931,0.44577,0.7778,0.7,0.79999,0.88245,0.48979,0.86202,0.37476,0.19337,0.090688,0.1248,0.24063,1,0
0.095601,0.32577,0.015764,0.034263,0.12375,0.093267,0.25634,0.013351,0.032283,0.17237,0.53209,0.38079,0.5,0.53623,0.5,0.64367,0.50434,0.66666,0.60001,0.7,0.92817,0.45986,0.79104,0.5841,0.19496,0.032415,0.12574,0.078928,1,0
0.36875,0.24309,0.34878,0.38755,0.42795,0.37031,0.12414,0.30617,0.39848,0.42496,0.53092,0.61191,0.23864,0.57971,0.7,0.60128,0.79,0.38889,0.60001,0.775,0.92926,0.3122,0.79703,0.59185,0.39949,0.0056211,0.12223,0.09766,1,0
0.38159,0.22933,0.33046,0.38379,0.42966,0.33685,0.21177,0.26519,0.30707,0.41896,0.54355,0.75259,0.36743,0.71014,0.67143,0.68076,1.0558,0.58333,0.79999,0.82501,0.91836,0.30821,0.80403,0.53281,0.30882,0.0041222,0.12163,0.077674,1,0
0.10907,0.15172,0.05689,0.12452,0.1369,0.09901,0.12592,0.048552,0.11526,0.13871,0.43915,0.62923,0.24621,0.50725,0.52857,0.50403,0.66941,0.33333,0.49999,0.7,0.91184,0.37073,0.80603,0.59185,0.31112,0.021173,0.11995,0.081295,1,0
0.16355,0.10036,0.14673,0.16055,0.17807,0.13842,0.054234,0.12134,0.1453,0.15775,0.58939,0.41317,0.43939,0.65217,0.61429,0.70299,0.68002,0.66666,0.64999,0.79999,0.95755,0.28824,0.80104,0.47376,0.26773,0.0099307,0.12552,0.066447,1,0
0.14077,0.062334,0.12958,0.14444,0.15547,0.12381,0.044842,0.10941,0.13166,0.13887,0.5105,0.60338,0.36743,0.66667,0.62857,0.6403,0.7468,0.55556,0.7,0.79999,0.98367,0.26497,0.82304,0.49165,0.32427,0.014053,0.12493,0.081363,1,0
0.25293,0.21135,0.18717,0.2667,0.29801,0.23138,0.19383,0.15329,0.2229,0.31226,0.45569,0.58717,0.39394,0.46377,0.52857,0.64367,0.96795,0.55556,0.55,0.90001,0.9434,0.32616,0.81103,0.50895,0.2552,0.0054338,0.12441,0.068216,1,0
0.019151,0.053601,0.013586,0.017992,0.018152,0.018466,0.047229,0.0091618,0.015572,0.018251,0.64432,0.51273,0.39394,0.66667,0.78571,0.7537,0.64748,0.66666,0.7,0.79999,0.96081,0.30022,0.92801,0.24176,0.13663,0.40229,0.12552,0.2509,1,0
0.47133,0.28408,0.41803,0.45669,0.52092,0.47943,0.18828,0.41921,0.44141,0.55154,0.48134,0.50726,0.33712,0.43478,0.62857,0.52496,0.43494,0.49999,0.49999,0.60001,0.89334,0.49445,0.948,0.26979,0.39901,0.0041222,0.12568,0.097718,1,0
0.44449,0.14844,0.42506,0.44829,0.46418,0.43138,0.095729,0.39791,0.42802,0.4681,0.44859,0.59677,0.29545,0.49275,0.54643,0.52496,0.539,0.41666,0.49999,0.625,0.89552,0.42395,0.93201,0.25487,0.31918,0.0028106,0.12587,0.078403,1,0
0.073782,0.10389,0.042166,0.0705,0.10088,0.068112,0.085978,0.035104,0.05555,0.097077,0.77688,0.33758,0.73107,0.69565,0.82857,0.92125,0.43545,1,0.79999,0.90001,0.89224,0.48182,0.93301,0.24116,0.41372,0.041409,0.12514,0.11009,1,0
0.27723,0.14597,0.2311,0.28461,0.31702,0.25045,0.13833,0.19285,0.24042,0.32042,0.57536,0.59616,0.45455,0.68116,0.64286,0.58538,0.64423,0.61113,0.60001,0.67501,0.84979,0.44523,0.90701,0.25845,0.35372,0.0071201,0.12602,0.088061,1,0
0.063053,0.11359,0.029978,0.057918,0.10017,0.062189,0.096487,0.020946,0.064418,0.10936,0.70127,0.50065,0.65152,0.66667,0.70714,0.81059,0.54109,0.8889,0.75001,0.79999,0.8781,0.39335,0.85803,0.34195,0.11909,0.024171,0.12632,0.032599,1,0
0.11181,0.084647,0.10066,0.12262,0.12612,0.10175,0.075486,0.084677,0.10489,0.12359,0.73771,0.43562,0.80303,0.75362,0.71429,0.85749,0.57434,0.97223,0.79999,0.90001,0.9151,0.40997,0.93601,0.23877,0.31373,0.020049,0.12547,0.083584,1,0
0.1486,0.097701,0.13905,0.14498,0.15611,0.14006,0.084803,0.11916,0.14512,0.15333,0.6132,0.47666,0.54545,0.69565,0.65714,0.68076,0.49318,0.69446,0.7,0.7,0.91293,0.43592,0.91401,0.2847,0.26827,0.01143,0.12514,0.067608,1,0
0.0057766,0.020625,0.0056098,0.005617,0.010145,0.005697,0.017121,0.0048857,0.0052863,0.01001,0.83891,0.24799,0.80303,0.78261,0.74286,0.89504,0.45468,0.8889,0.7,1,0.97279,0.39933,0.92101,0.29722,0.17704,0.37418,0.12171,0.097276,1,0
0.20408,0.12288,0.17375,0.18371,0.24601,0.17724,0.090559,0.14476,0.16726,0.21898,0.52754,0.54053,0.55682,0.6087,0.57143,0.55711,0.7171,0.49999,0.60001,0.7,0.97169,0.46186,0.95101,0.29065,0.28437,0.0084317,0.12377,0.072799,1,0
0.03617,0.082334,0.0080676,0.029012,0.048209,0.030463,0.066356,0.0066812,0.021157,0.046867,0.62031,0.36045,0.54545,0.66667,0.62857,0.68076,0.38862,0.7778,0.60001,0.7,0.95319,0.46186,0.90201,0.38608,0.12668,0.035413,0.12334,0.033785,1,0
0.0068566,0.0082431,0.007108,0.01373,0.010865,0.0072102,0.011909,0.0061184,0.012473,0.011956,0.70337,0.28654,0.63636,0.60145,0.71429,0.7321,0.25711,0.7778,0.7,0.7,0.90204,0.47783,0.84403,0.43142,0.075267,0.066517,0.1225,0.020146,1,0
0.23539,0.12707,0.21715,0.21259,0.2642,0.21978,0.10938,0.18832,0.20392,0.26452,0.50262,0.71218,0.24242,0.53623,0.61429,0.52496,0.81464,0.33333,0.45001,0.79999,0.9619,0.32084,0.81303,0.56859,0.35837,0.0097433,0.12397,0.093757,1,0
0.055253,0.15633,0.005311,0.025984,0.091897,0.0506,0.12372,0.0042008,0.024358,0.084262,0.73631,0.20311,0.71212,0.66667,0.62857,0.83302,0.26632,0.8889,0.7,0.79999,0.96952,0.33814,0.95401,0.26979,0.15896,0.21435,0.12618,0.11167,1,0
0.049879,0.12216,0.015516,0.020631,0.099614,0.04284,0.095126,0.01182,0.017625,0.090199,0.70465,0.32481,0.73864,0.69565,0.65714,0.9122,0.49727,1,0.79999,0.90001,0.90095,0.44789,0.88902,0.32465,0.21752,0.044032,0.12509,0.060036,1,0
0.033375,0.072307,0.01983,0.029939,0.034113,0.028171,0.056828,0.015069,0.024198,0.031905,0.72343,0.51619,0.58333,0.77536,0.75714,0.81289,0.60192,0.8889,0.79999,0.79999,0.89878,0.42128,0.87203,0.35745,0.12748,0.029979,0.12581,0.034481,1,0
0.1166,0.082595,0.11061,0.11207,0.12673,0.10731,0.074589,0.093688,0.10041,0.12877,0.72037,0.34944,0.57576,0.76812,0.72857,0.83175,0.41548,0.7778,0.79999,0.90001,0.90422,0.46851,0.93801,0.2513,0.37835,0.021548,0.12525,0.097879,1,0
0.37418,0.17144,0.35365,0.40453,0.39088,0.3677,0.089918,0.34946,0.37846,0.39599,0.62213,0.59786,0.5,0.62319,0.77143,0.68076,0.68771,0.55556,0.7,0.79999,0.99783,0.24634,0.79604,0.50358,0.39176,0.0054338,0.12568,0.09662,1,0
0.03712,0.16893,0.00076367,0.0018308,0.053483,0.033538,0.13168,0.0007394,0.0017341,0.013333,0.69669,0.35112,0.56061,0.65217,0.74286,0.79202,0.3325,0.7778,0.7,0.79999,0.96517,0.35343,0.93801,0.26561,0.17443,0.4214,0.12518,0.13948,1,0
0.23761,0.22614,0.18446,0.21376,0.24386,0.23139,0.19252,0.15531,0.2286,0.27669,0.62916,0.50305,0.5947,0.69565,0.65714,0.68076,0.47456,0.7778,0.7,0.7,0.89552,0.43724,0.91801,0.31451,0.24426,0.0056211,0.12623,0.062306,1,0
0.21251,0.16194,0.16416,0.21115,0.24894,0.18095,0.11372,0.13683,0.17948,0.21368,0.5812,0.49575,0.59091,0.56522,0.68571,0.71414,0.53481,0.7778,0.7,0.7,0.88354,0.45986,0.92301,0.27097,0.34271,0.0099307,0.12571,0.085198,1,0
0.0083366,0.017756,0.0035308,0.01373,0.015031,0.0080638,0.020342,0.0030414,0.0094361,0.015208,0.64014,0.65298,0.5303,0.75362,0.71429,0.73638,0.79648,0.7778,0.7,0.90001,0.88028,0.40333,0.82103,0.39981,0.021592,0.034102,0.12567,0.0063182,1,0
0.073971,0.13003,0.030837,0.078267,0.096744,0.068191,0.1074,0.023955,0.06467,0.10099,0.77883,0.37799,0.83333,0.78261,0.74286,0.90726,0.57682,1,0.79999,0.90001,0.92272,0.41397,0.965,0.22267,0.35706,0.040097,0.12576,0.099444,1,0
0.060618,0.13484,0.034118,0.044142,0.089151,0.045837,0.073797,0.025981,0.03405,0.075763,0.68331,0.39403,0.66667,0.62319,0.74286,0.83302,0.51413,0.80556,0.79999,0.79999,0.91945,0.47649,0.89702,0.36104,0.19654,0.034102,0.12482,0.053674,1,0
0.097417,0.099575,0.059396,0.10755,0.11594,0.086879,0.082042,0.050725,0.097813,0.10936,0.64562,0.4084,0.51515,0.65217,0.64286,0.76298,0.37763,0.7778,0.7,0.79999,0.94558,0.46917,0.963,0.25725,0.36249,0.028293,0.12491,0.099842,1,0
0.023593,0.062447,0.012632,0.016233,0.032832,0.018685,0.036872,0.0099449,0.014946,0.02572,0.64821,0.33513,0.66667,0.66667,0.62857,0.79202,0.51986,0.8889,0.7,0.79999,0.9249,0.45721,0.88702,0.37953,0.13575,0.052464,0.12478,0.038703,1,0
0.065998,0.10267,0.039119,0.052122,0.10562,0.05991,0.083538,0.032331,0.044759,0.10119,0.71218,0.40528,0.77273,0.72464,0.68571,0.9351,0.5955,1,0.90001,1,0.92272,0.38736,0.95301,0.16422,0.39759,0.043095,0.125,0.10224,1,0
0.032832,0.11066,0.013586,0.020919,0.042129,0.028509,0.084779,0.011018,0.016512,0.041712,0.83938,0.30474,0.77273,0.7971,0.75714,1.0125,0.41337,1,0.90001,1,0.96952,0.31885,1.009,0.14334,0.34969,0.17632,0.12585,0.10121,1,0
0.054083,0.13572,0.013586,0.039631,0.093564,0.043519,0.093286,0.0087182,0.034066,0.082712,0.87128,0.48511,0.75758,0.91304,0.87143,1.0146,0.6171,1.0278,1,1,0.88245,0.29757,0.91601,0.19463,0.24677,0.080382,0.1265,0.064595,1,0
0.39653,0.26248,0.3169,0.38506,0.45653,0.38141,0.2115,0.29643,0.38989,0.46146,0.47244,0.7121,0.31818,0.53623,0.68215,0.4582,0.73519,0.33333,0.4,0.60001,0.97714,0.26097,0.81303,0.54712,0.41318,0.0054338,0.12414,0.10515,1,0
0.18538,0.11025,0.17632,0.17066,0.18501,0.17459,0.10473,0.1484,0.15809,0.18964,0.59962,0.55034,0.37879,0.63768,0.69286,0.66684,0.70074,0.49999,0.64999,0.75001,0.95538,0.29356,0.80804,0.49045,0.27882,0.0086191,0.12495,0.071327,1,0
0.15843,0.11094,0.14051,0.15536,0.18798,0.13696,0.077112,0.11696,0.13289,0.1474,0.71627,0.5228,0.56061,0.71014,0.84286,0.70857,0.60833,0.61113,0.64999,0.79999,0.97714,0.2377,0.81303,0.46242,0.31988,0.012929,0.12516,0.080406,1,0
0.15657,0.13653,0.13066,0.14481,0.18882,0.14834,0.11514,0.10908,0.13307,0.19774,0.65488,0.66668,0.42046,0.68116,0.82857,0.69087,0.69216,0.47223,0.7,0.87499,0.96626,0.27029,0.80804,0.49881,0.32714,0.012929,0.12485,0.080814,1,0
0.15428,0.1438,0.10704,0.148,0.18504,0.13825,0.11745,0.087652,0.12538,0.17931,0.51383,0.52779,0.27273,0.49275,0.67143,0.51812,0.68455,0.33333,0.4,0.7,0.97388,0.28891,0.80004,0.51313,0.33327,0.01424,0.12541,0.085008,1,0
0.015298,0.03844,0.0080373,0.016049,0.019533,0.012568,0.024838,0.0066828,0.012927,0.017605,0.75256,0.27675,0.77273,0.72464,0.68571,0.79202,0.34807,0.8889,0.7,0.79999,0.98585,0.28692,0.89902,0.39802,0.12132,0.086753,0.11526,0.034967,1,0
0.013981,0.042187,0.0060209,0.01373,0.015519,0.012268,0.028383,0.0052745,0.012207,0.015554,0.69053,0.42357,0.63636,0.62319,0.75714,0.7075,0.38647,0.7778,0.7,0.7,0.88572,0.45254,0.85302,0.37236,0.14125,0.52426,0.12486,0.14041,1,0
0.18803,0.16289,0.16955,0.17786,0.19978,0.18881,0.11824,0.15524,0.1662,0.20846,0.62418,0.27444,0.57576,0.53623,0.67143,0.5973,0.2304,0.61113,0.55,0.60001,0.085764,0.45853,0.056188,0.31034,0.23869,0.0071201,0.13698,0.058554,1,0
0.13577,0.030685,0.13612,0.13566,0.14137,0.12651,0.031006,0.12057,0.12824,0.14012,0.63851,0.65981,0.50758,0.72464,0.75714,0.6622,0.69952,0.66666,0.64999,0.75001,0.89986,0.42927,0.90901,0.2847,0.26452,0.012741,0.12551,0.068182,1,0
0.11203,0.13303,0.083043,0.10292,0.13508,0.10412,0.11561,0.065918,0.099859,0.14526,0.53911,0.56065,0.39394,0.55072,0.57143,0.60922,0.64163,0.66666,0.60001,0.7,0.86721,0.43658,0.87901,0.28887,0.26785,0.015739,0.12547,0.066875,1,0
0.043535,0.074414,0.021775,0.039676,0.048554,0.037643,0.06151,0.016007,0.032617,0.046994,0.678,0.47792,0.65152,0.66667,0.74286,0.7724,0.61808,0.7778,0.7,0.82501,0.89878,0.38071,0.88902,0.31571,0.14902,0.024171,0.12636,0.04186,1,0
0.023877,0.0305,0.01863,0.022122,0.034348,0.022251,0.028721,0.015555,0.020272,0.030551,0.70977,0.32241,0.51515,0.69565,0.65714,0.84003,0.40353,0.7778,0.79999,0.79999,0.92272,0.46252,0.90001,0.31034,0.253,0.069702,0.12376,0.067788,1,0
0.086338,0.095064,0.051924,0.092708,0.10506,0.079436,0.089513,0.040004,0.085601,0.10773,0.67593,0.18316,0.54545,0.66667,0.62857,0.85562,0.28317,0.8889,0.75001,0.79999,0.88136,0.43791,0.88002,0.32048,0.21686,0.017051,0.1256,0.05449,1,0
0.042376,0.28049,0.0065253,0.014888,0.015519,0.040368,0.21887,0.0057018,0.013144,0.016186,0.80246,0.3028,0.69319,0.72464,0.8,0.90643,0.30746,0.91667,0.79999,0.90001,0.89334,0.42528,0.77804,0.52147,0.13725,0.17669,0.12566,0.17046,1,0
0.41163,0.25368,0.34671,0.40546,0.47176,0.39873,0.2352,0.31009,0.4417,0.4794,0.62213,0.57129,0.34848,0.69565,0.7,0.65849,0.67281,0.5278,0.49999,0.82501,0.97169,0.30953,0.79204,0.50179,0.29671,0.0028106,0.12598,0.072372,1,0
0.046355,0.12753,0.0069638,0.034161,0.077266,0.044072,0.10697,0.0058256,0.027593,0.075379,0.42944,0.49959,0.21212,0.36232,0.51429,0.55237,0.59587,0.44446,0.45001,0.60001,0.9434,0.35942,0.81303,0.53758,0.25238,0.060708,0.1243,0.064707,1,0
0.01847,0.064146,0.0032331,0.015884,0.018943,0.016434,0.049932,0.0027806,0.013303,0.01654,0.52946,0.27321,0.42424,0.55072,0.51429,0.58936,0.30598,0.61113,0.49999,0.60001,0.97279,0.35543,0.84502,0.47853,0.16899,0.27768,0.12543,0.077621,1,0
0.37633,0.21068,0.40769,0.40005,0.40199,0.37891,0.057663,0.3634,0.37159,0.40062,0.48648,0.53437,0.44318,0.50725,0.58928,0.56946,0.75035,0.66666,0.49999,0.67501,0.9064,0.49179,0.93901,0.25547,0.40164,0.0056211,0.125,0.10003,1,0
0.32943,0.13952,0.31228,0.31441,0.34204,0.30883,0.13084,0.26425,0.30465,0.3558,0.67944,0.43583,0.59091,0.73913,0.7,0.68076,0.46497,0.66666,0.64999,0.7,0.90095,0.44657,0.91902,0.2829,0.29505,0.0043095,0.12552,0.072649,1,0
0.048783,0.10294,0.02639,0.036905,0.057861,0.042409,0.08424,0.020676,0.032756,0.046827,0.80905,0.29523,0.75758,0.73913,0.82857,0.91257,0.27548,0.94447,0.79999,0.90001,0.86395,0.39068,0.87602,0.27813,0.22614,0.037287,0.126,0.05868,1,0
0.10215,0.10378,0.076178,0.11349,0.13372,0.097304,0.083947,0.071379,0.1042,0.13498,0.6013,0.45022,0.56061,0.69565,0.65714,0.67569,0.57553,0.66666,0.7,0.7,0.89986,0.48115,0.92601,0.25487,0.38448,0.026981,0.1249,0.10021,1,0
0.1547,0.073904,0.15383,0.15205,0.1526,0.13414,0.044226,0.12424,0.14065,0.13885,0.6909,0.29123,0.59091,0.71014,0.67143,0.69188,0.31119,0.66666,0.60001,0.7,0.89552,0.45521,0.90502,0.29901,0.27711,0.01143,0.12536,0.070277,1,0
0.02631,0.099376,0.0050676,0.011688,0.025846,0.020221,0.081621,0.0042348,0.0096261,0.012491,0.56756,0.4881,0.63636,0.5942,0.55714,0.65292,0.52133,0.7778,0.60001,0.7,0.93905,0.3867,0.86403,0.43916,0.044818,0.032603,0.078551,0.019005,1,0
0.11921,0.10753,0.10488,0.12179,0.1395,0.10972,0.095222,0.087465,0.10511,0.14032,0.58567,0.44937,0.5,0.68116,0.64286,0.69592,0.65804,0.66666,0.7,0.79999,0.94014,0.46053,0.964,0.22088,0.40763,0.026981,0.12471,0.11697,1,0
0.55932,0.14068,0.55353,0.5613,0.56641,0.48587,0,0.48803,0.48748,0.48529,0.4475,0.70704,0.23864,0.33333,0.62143,0.56946,0.93723,0.38889,0.4,0.775,1.0043,0.27294,0.80603,0.5513,0.42234,0.0028106,0.12532,0.10322,1,0
0.072079,0.1086,0.032798,0.078637,0.097122,0.066602,0.090858,0.024097,0.069829,0.10338,0.51422,0.44436,0.40909,0.53623,0.5,0.56946,0.57845,0.55556,0.45001,0.60001,0.93905,0.32616,0.82503,0.54413,0.30086,0.032603,0.12147,0.078739,1,0
0.20718,0.17913,0.17011,0.20158,0.26898,0.1808,0.13865,0.14248,0.17945,0.23992,0.5373,0.64275,0.21212,0.49275,0.64286,0.53912,0.59376,0.44446,0.49999,0.60001,0.97388,0.26896,0.81803,0.55725,0.41384,0.012741,0.12367,0.10472,1,0
0.13574,0.31599,0.0082995,0.10793,0.21057,0.11954,0.24689,0.0071344,0.082689,0.205,0.49213,0.62782,0.30303,0.49275,0.67143,0.51057,0.65058,0.33333,0.4,0.7,0.97931,0.24168,0.81704,0.53579,0.4211,0.035226,0.12395,0.10727,1,0
0.13472,0.32117,0.050052,0.069281,0.17252,0.13185,0.25747,0.042433,0.073893,0.17288,0.51523,0.39089,0.39394,0.53623,0.53929,0.55638,0.40977,0.55556,0.49999,0.60001,0.88898,0.49578,0.94401,0.23579,0.44832,0.021173,0.12529,0.11225,1,0
0.34051,0.15988,0.32712,0.35232,0.36562,0.33368,0.089677,0.29321,0.35758,0.3632,0.48881,0.53877,0.42802,0.44928,0.61429,0.63306,0.44662,0.69446,0.60001,0.67501,0.88136,0.46518,0.93201,0.27097,0.35768,0.0054338,0.12589,0.088872,1,0
0.24294,0.097833,0.23692,0.25411,0.25293,0.22013,0.088217,0.19077,0.22932,0.25201,0.44,0.51875,0.38636,0.53623,0.5,0.56946,0.68065,0.49999,0.60001,0.7,0.87374,0.47316,0.89501,0.26501,0.35524,0.0084317,0.1249,0.088007,1,0
0.26481,0.13426,0.2457,0.23544,0.29374,0.22161,0.067971,0.20357,0.21385,0.24215,0.47479,0.3734,0.28788,0.46377,0.58571,0.47676,0.50447,0.33333,0.45001,0.49999,0.8781,0.43392,0.86902,0.29841,0.23795,0.0043095,0.12483,0.058787,1,0
0.049428,0.1236,0.017767,0.04078,0.045192,0.04637,0.10091,0.015152,0.036838,0.046154,0.69697,0.32988,0.60606,0.68116,0.72857,0.74829,0.47459,0.7778,0.60001,0.79999,0.90095,0.4133,0.90101,0.26084,0.27218,0.11186,0.12498,0.16079,1,0
0.04128,0.085025,0.018237,0.036753,0.079092,0.031979,0.060917,0.011351,0.02862,0.04808,0.69358,0.51987,0.61364,0.75362,0.71429,0.77179,0.46233,0.80556,0.7,0.79999,0.89007,0.42328,0.85503,0.38728,0.082807,0.028293,0.12629,0.023739,1,0
0.32429,0.42624,0.19464,0.31565,0.42588,0.31057,0.33653,0.21472,0.3047,0.42431,0.36762,0.67668,0.10985,0.4058,0.58571,0.48854,0.90861,0.33333,0.4,0.775,1.037,0.20775,0.82404,0.58947,0.5693,0.011242,0.12456,0.14509,1,0
0.37979,0.11175,0.36555,0.38298,0.39519,0.35669,0.1114,0.31607,0.37623,0.3951,0.67125,0.36498,0.48485,0.73913,0.7,0.70299,0.64722,0.66666,0.7,0.79999,0.97169,0.28359,0.80804,0.47793,0.28363,0.0029979,0.12557,0.069392,1,0
0.35972,0.18138,0.32886,0.3626,0.38991,0.28547,0,0.28847,0.28771,0.28466,0.58393,0.62894,0.36743,0.6087,0.7,0.68076,0.93723,0.47223,0.7,0.85,0.93796,0.33148,0.80403,0.50537,0.24404,0.0029979,0.12473,0.059672,1,0
0.23939,0.20175,0.18271,0.2388,0.29124,0.23515,0.15059,0.16552,0.25108,0.30765,0.52572,0.54301,0.35228,0.57971,0.7,0.56946,0.85223,0.33333,0.49999,0.72499,0.95102,0.23569,0.80503,0.5167,0.39418,0.0099307,0.12337,0.097461,1,0
0.28495,0.23896,0.24804,0.26365,0.32929,0.26232,0.21125,0.20438,0.22717,0.35539,0.48912,0.59453,0.31818,0.57246,0.62857,0.56946,0.88966,0.33333,0.55,0.79999,0.96409,0.27495,0.81503,0.52445,0.35392,0.0071201,0.12403,0.089135,1,0
0.1834,0.20875,0.11326,0.21107,0.23308,0.15103,0.14756,0.088549,0.16775,0.21117,0.37109,0.56247,0.21212,0.43478,0.47143,0.38402,0.62329,0.30556,0.4,0.49999,0.95864,0.36208,0.94601,0.23161,0.2432,0.0086191,0.12494,0.065786,1,0
0.2182,0.24788,0.15782,0.22172,0.2752,0.12024,0,0.12393,0.12299,0.11925,0.44204,0.75318,0.19318,0.50725,0.61071,0.60655,0.79414,0.44446,0.60001,0.75001,1.012,0.20443,0.972,0.2173,0.060453,-0.00018737,0.12745,0.015173,0,0
0.08449,0.20955,0.01905,0.059474,0.12425,0.075683,0.16095,0.014892,0.051021,0.12224,0.65312,0.66447,0.4697,0.66667,0.72857,0.7781,0.80084,0.61113,0.75001,1,0.87702,0.42395,0.81503,0.58171,0.21626,0.099494,0.15698,0.23703,1,0
0.047658,0.17475,0.0071101,0.010328,0.051947,0.041982,0.13209,0.0058488,0.0082594,0.049002,0.56963,0.35936,0.4697,0.5942,0.6,0.62197,0.47983,0.55556,0.60001,0.7,0.9249,0.32416,0.93301,0.24176,0.19692,0.20349,0.12642,0.18132,1,0
0.070379,0.092617,0.041841,0.058026,0.098847,0.063361,0.081989,0.029747,0.049243,0.098731,0.68681,0.47642,0.77273,0.72464,0.68571,0.83098,0.73652,0.8889,0.79999,0.94999,0.88028,0.32416,0.91801,0.21313,0.25725,0.024358,0.12649,0.063463,1,0
0.21769,0.10306,0.19796,0.22588,0.23963,0.21005,0.074496,0.18039,0.20853,0.24002,0.56029,0.37762,0.62121,0.57971,0.54286,0.69311,0.43967,0.7778,0.60001,0.7,0.89769,0.43724,0.93001,0.27336,0.30716,0.0084317,0.12587,0.077504,1,0
0.075447,0.17873,0.017811,0.073564,0.10743,0.059526,0.10842,0.014672,0.051453,0.09761,0.73946,0.42957,0.63636,0.65217,0.8,0.84767,0.48477,0.8889,0.79999,0.90001,0.8879,0.47716,0.90101,0.27993,0.33465,0.041222,0.12481,0.084678,1,0
0.025761,0.079096,0.013586,0.014888,0.034772,0.021715,0.065234,0.0098738,0.012062,0.020191,0.7264,0.33433,0.61743,0.73913,0.7,0.76859,0.42073,0.7778,0.7,0.7,0.89769,0.42593,0.85202,0.36819,0.10574,0.039723,0.12433,0.028557,1,0
0.1326,0.034809,0.13347,0.13657,0.1334,0.12352,0.033981,0.11408,0.12924,0.13125,0.72288,0.39675,0.60606,0.78261,0.74286,0.80057,0.45595,0.7778,0.79999,0.79999,0.9064,0.42528,0.93801,0.21908,0.36769,0.01855,0.12528,0.09208,1,0
0.32099,0.25916,0.25496,0.27909,0.40767,0.31068,0.22267,0.21708,0.32509,0.40694,0.6576,0.48255,0.60606,0.72464,0.68571,0.73638,0.6926,0.7778,0.64999,0.79999,0.9249,0.34412,0.66607,0.41233,0.28795,0.0043095,0.12788,0.070486,0,0
0.30323,0.22092,0.24649,0.32535,0.3334,0.27608,0.20085,0.1749,0.31189,0.32389,0.81246,0.43183,0.74242,0.85507,0.81429,0.79202,0.46081,0.72223,0.79999,0.79999,0.73552,0.38204,0.93601,0.35865,0.39593,0.0073075,0.12802,0.096766,0,0
0.15414,0.13008,0.15573,0.16675,0.17732,0.13712,0.11384,0.13123,0.13644,0.17386,0.58575,0.52989,0.58713,0.62319,0.6,0.69311,0.58764,0.61113,0.7,0.79999,0.87702,0.37804,0.65607,0.42844,0.23119,0.0086191,0.12793,0.056298,0,0
0.29555,0.12008,0.27973,0.2656,0.3237,0.28149,0.10163,0.24139,0.27653,0.324,0.51026,0.47608,0.60606,0.56522,0.52857,0.58802,0.57928,0.66666,0.55,0.7,0.78667,0.38868,0.89902,0.35925,0.26937,0.0043095,0.12787,0.065951,0,0
0.27285,0.23455,0.22084,0.23249,0.32496,0.21595,0.12769,0.18098,0.19029,0.25102,0.62681,0.43386,0.60985,0.57971,0.69286,0.72843,0.33074,0.7778,0.7,0.7,0.96517,0.40133,0.70006,0.46779,0.29413,0.0056211,0.12786,0.071647,0,0
0.23211,0.20509,0.18648,0.2554,0.26797,0.24256,0.11822,0.20845,0.242,0.27919,0.57302,0.48967,0.66667,0.62319,0.58571,0.64367,0.48396,0.7778,0.60001,0.7,0.93469,0.42528,0.72205,0.46064,0.20828,0.0043095,0.12801,0.050865,0,0
0.24758,0.29969,0.18945,0.25059,0.33391,0.22362,0.2782,0.11478,0.25732,0.33545,0.56483,0.64941,0.40909,0.69565,0.65714,0.53237,0.58508,0.55556,0.49999,0.49999,0.92272,0.44123,0.71106,0.49941,0.21764,0.0043095,0.12776,0.054627,0,0
0.37677,0.264,0.34129,0.43346,0.41099,0.32128,0.24691,0.23151,0.38909,0.39715,0.59921,0.79393,0.45833,0.75362,0.71429,0.74753,1.127,0.75,0.79999,0.85,0.91619,0.37672,0.67307,0.44693,0.26771,0.0028106,0.12781,0.065475,0,0
0.55886,0.15697,0.56185,0.57339,0.58174,0.49826,0.13207,0.46081,0.50481,0.54489,0.5356,0.57571,0.53408,0.55072,0.63215,0.61717,0.71748,0.66666,0.60001,0.67501,0.61581,0.4113,0.966,0.34016,0.62347,0.0058085,0.12794,0.1527,0,0
0.29493,0.05015,0.29483,0.29814,0.29262,0.26365,0.037754,0.24899,0.26651,0.27954,0.63616,0.47722,0.60606,0.69565,0.65714,0.74432,0.49449,0.7778,0.7,0.775,0.68981,0.37937,0.85202,0.36282,0.32964,0.0058085,0.12802,0.080488,0,0
0.33212,0.090861,0.33303,0.34652,0.33739,0.31524,0.052128,0.29179,0.32718,0.33318,0.57484,0.49961,0.54924,0.52174,0.65714,0.60655,0.5665,0.66666,0.60001,0.7,0.60383,0.42461,0.86503,0.35984,0.48405,0.0084317,0.12788,0.11901,0,0
0.25935,0.032344,0.26689,0.25921,0.25696,0.2408,0.03176,0.23228,0.24077,0.25428,0.64318,0.61487,0.56061,0.57971,0.78571,0.64895,0.53511,0.61113,0.60001,0.7,0.69307,0.41064,0.82203,0.38013,0.2825,0.0056211,0.1279,0.068979,0,0
0.22933,0.25732,0.16668,0.23279,0.28827,0.12889,0,0.13255,0.13162,0.12791,0.40384,0.8365,0.12879,0.47826,0.60357,0.38402,0.98409,0.16667,0.49999,0.57499,0.78886,0.42593,0.67307,0.44871,0.074351,0,0.12797,0.018893,0,0
0.23446,0.10591,0.21579,0.23957,0.25226,0.19865,0.068342,0.17398,0.2045,0.2259,0.61941,0.68942,0.45455,0.75362,0.71429,0.60655,0.72904,0.66666,0.60001,0.7,0.79755,0.40865,0.60008,0.45467,0.20492,0.0041222,0.12791,0.050578,0,0
0.29651,0.44923,0.17716,0.28592,0.36356,0.19443,0.17785,0.12398,0.21498,0.26775,0.68762,0.8583,0.39394,0.81159,0.87143,0.64367,0.95384,0.55556,0.7,0.79999,0.85524,0.37605,0.62107,0.45467,0.26597,0.0043095,0.12773,0.065669,0,0
0.27629,0.20414,0.2339,0.29428,0.31708,0.22189,0.1492,0.16732,0.25035,0.27263,0.52063,0.62971,0.34469,0.66667,0.62857,0.59173,0.86985,0.44446,0.60001,0.79999,0.81715,0.40531,0.61808,0.43619,0.20067,0.0028106,0.12807,0.049557,0,0
0.25635,0.15706,0.2286,0.28227,0.28202,0.22995,0.13654,0.1742,0.25351,0.28017,0.56688,0.57486,0.48485,0.62319,0.61429,0.58338,0.79133,0.49999,0.60001,0.75001,0.88681,0.38071,0.60507,0.44274,0.32658,0.0071201,0.12794,0.080236,0,0
0.30387,0.1938,0.25673,0.31791,0.34874,0.25796,0.16859,0.19959,0.24317,0.32321,0.57957,0.60599,0.45834,0.69565,0.65714,0.65849,0.69747,0.49999,0.7,0.79999,0.85089,0.37804,0.64606,0.43916,0.2144,0.0028106,0.1278,0.052279,0,0
0.079902,0.17421,0.028143,0.053919,0.12526,0.067971,0.14022,0.020422,0.040689,0.12076,0.74675,0.43714,0.56061,0.7971,0.75714,0.74876,0.37971,0.8889,0.7,0.7,0.84219,0.45122,0.69606,0.42068,0.12868,0.035413,0.12894,0.067283,0,0
0.21744,0.17095,0.16925,0.22753,0.26362,0.1772,0.13746,0.13254,0.15847,0.23003,0.54028,0.49194,0.42802,0.63768,0.6,0.59173,0.5327,0.58333,0.49999,0.7,0.80953,0.39534,0.64606,0.43559,0.14923,0.0028106,0.12789,0.036781,0,0
0.26267,0.13207,0.22991,0.27259,0.28372,0.25581,0.098321,0.21622,0.27708,0.2872,0.61511,0.74225,0.50379,0.69565,0.65714,0.68076,0.76521,0.69446,0.7,0.775,0.74422,0.37007,0.87402,0.367,0.28371,0.0056211,0.12808,0.070287,0,0
0.29202,0.30417,0.22473,0.28218,0.34464,0.21723,0.14286,0.1666,0.23247,0.27055,0.62213,0.75888,0.36364,0.78261,0.74286,0.62511,0.76668,0.44446,0.64999,0.7,0.8879,0.35609,0.64606,0.38548,0.25725,0.0041222,0.12816,0.063647,0,0
0.25366,0.19808,0.20225,0.24336,0.27125,0.20369,0.11629,0.15722,0.17851,0.26537,0.70399,0.1763,0.72727,0.68116,0.64286,0.76024,0.28922,0.7778,0.7,0.775,0.92926,0.36208,0.68007,0.42068,0.26994,0.0054338,0.12792,0.065781,0,0
0.26643,0.1011,0.2541,0.25598,0.28063,0.24687,0.098853,0.21112,0.23939,0.28516,0.59212,0.69774,0.45455,0.62319,0.77143,0.6622,0.93598,0.66666,0.7,0.79999,0.89443,0.35876,0.66407,0.40398,0.24135,0.0043095,0.12801,0.058943,0,0
0.15132,0.1451,0.14737,0.17145,0.17575,0.15192,0.099796,0.15364,0.16188,0.18274,0.6336,0.41379,0.51515,0.71014,0.67143,0.65849,0.38359,0.66666,0.55,0.7,0.85852,0.36076,0.62408,0.40457,0.25186,0.0097433,0.12803,0.061489,0,0
0.3319,0.11567,0.317,0.33991,0.34689,0.33084,0.051249,0.31516,0.33293,0.34869,0.51572,0.56641,0.33333,0.56522,0.62857,0.486,0.38989,0.49999,0.49999,0.49999,0.16196,0.46053,0.26715,0.48091,0.1704,0.0013116,0.12837,0.041555,0,0
0.36069,0.19571,0.33144,0.36127,0.37892,0.33944,0.16803,0.31876,0.33685,0.38365,0.60372,0.55593,0.58333,0.68116,0.64286,0.63903,0.83289,0.49999,0.7,0.7,0.67022,0.37073,0.90801,0.32585,0.45157,0.0069327,0.12793,0.11105,0,0
0.257,0.20664,0.26844,0.26079,0.28092,0.22513,0.18432,0.19121,0.22972,0.26829,0.52625,0.6279,0.43939,0.53623,0.65714,0.48998,0.66632,0.55556,0.49999,0.57499,0.71593,0.3847,0.84103,0.3521,0.28136,0.0056211,0.12785,0.068571,0,0
0.30077,0.099543,0.31228,0.29933,0.29751,0.27641,0.091681,0.2653,0.27469,0.29925,0.75925,0.4092,0.65909,0.81159,0.77143,0.76422,0.30281,0.7778,0.7,0.7,0.61689,0.38868,0.82203,0.34791,0.39322,0.0073075,0.12792,0.096255,0,0
0.36048,0.055969,0.3672,0.36221,0.34643,0.32879,0.053776,0.31088,0.32459,0.3445,0.70165,0.63289,0.59848,0.7971,0.75714,0.68076,0.70389,0.69446,0.60001,0.7,0.66913,0.38802,0.87103,0.35507,0.39224,0.0056211,0.12796,0.096289,0,0
0.37854,0.14708,0.38128,0.37928,0.40028,0.3303,0.1071,0.30248,0.32925,0.3726,0.6619,0.48431,0.60228,0.72464,0.68571,0.71254,0.53511,0.7778,0.60001,0.67501,0.67022,0.39734,0.89002,0.34911,0.42441,0.0058085,0.12791,0.10357,0,0
0.38924,0.11903,0.39106,0.39089,0.39478,0.35745,0.11623,0.31618,0.3648,0.40094,0.62486,0.47608,0.71212,0.66667,0.62857,0.71785,0.45519,0.7778,0.7,0.7,0.73008,0.36873,0.90001,0.34911,0.34762,0.0041222,0.128,0.084731,0,0
0.26775,0.21489,0.22631,0.27969,0.32211,0.26433,0.13806,0.20487,0.26374,0.32589,0.62213,0.52891,0.56061,0.73913,0.7,0.63018,0.64054,0.58333,0.60001,0.75001,0.65498,0.41596,0.92101,0.3521,0.49766,0.01143,0.12789,0.12242,0,0
0.20908,0.19654,0.22838,0.22997,0.23456,0.19205,0.17713,0.19505,0.2168,0.23341,0.5546,0.38873,0.62121,0.57971,0.54286,0.66684,0.50931,0.66666,0.60001,0.75001,0.963,0.39601,0.70805,0.44693,0.27316,0.0071201,0.12796,0.066787,0,0
0.30134,0.20382,0.28095,0.2885,0.32234,0.24137,0.098967,0.21286,0.25617,0.27236,0.49935,0.53048,0.60606,0.56522,0.52857,0.58802,0.72439,0.66666,0.55,0.7,0.95972,0.39534,0.70706,0.45647,0.27366,0.0043095,0.12788,0.067458,0,0
0.26467,0.062179,0.26475,0.27593,0.26786,0.23625,0.064625,0.21438,0.24224,0.25971,0.50098,0.59163,0.38636,0.62319,0.58571,0.54723,0.72127,0.5278,0.60001,0.625,0.91402,0.43459,0.71505,0.45707,0.18739,0.0028106,0.12812,0.046174,0,0
0.21696,0.14514,0.17742,0.20568,0.25871,0.21038,0.1168,0.15466,0.22022,0.25813,0.64318,0.54906,0.60985,0.73913,0.7,0.66484,0.58947,0.7778,0.60001,0.7,0.92598,0.42927,0.69706,0.47078,0.23618,0.0056211,0.12797,0.057776,0,0
0.27592,0.26567,0.20515,0.30132,0.34183,0.22551,0.2312,0.14127,0.22053,0.31445,0.63196,0.80297,0.40531,0.81159,0.77143,0.68076,0.91898,0.61113,0.7,0.82501,0.86503,0.44123,0.66906,0.47615,0.19171,0.0028106,0.12798,0.047006,0,0
0.24362,0.22688,0.18587,0.23783,0.29815,0.1816,0.11244,0.14223,0.18229,0.22419,0.55665,0.7979,0.32576,0.63768,0.75714,0.59173,0.9444,0.49999,0.7,0.72499,0.85633,0.43858,0.67406,0.45945,0.16859,0.0029979,0.12812,0.043021,0,0
0.19244,0.19131,0.14465,0.23321,0.22963,0.14471,0.17476,0.085202,0.14739,0.20719,0.55665,0.52256,0.37879,0.58696,0.65714,0.5973,0.44392,0.55556,0.55,0.64999,0.78124,0.44657,0.65306,0.46719,0.094334,0.0013116,0.12802,0.022912,0,0
0.23153,0.1503,0.19112,0.21028,0.28147,0.22611,0.12712,0.17415,0.23114,0.28074,0.6849,0.36463,0.63636,0.60145,0.77143,0.73638,0.42711,0.66666,0.60001,0.79999,0.85852,0.39667,0.65406,0.45587,0.21293,0.0043095,0.12779,0.052012,0,0
0.19692,0.17233,0.19283,0.20894,0.2318,0.16254,0.13188,0.13477,0.17834,0.20763,0.61278,0.66826,0.38636,0.63768,0.75714,0.66484,0.69469,0.58333,0.7,0.79999,0.8215,0.40465,0.61508,0.44752,0.21438,0.0058085,0.12796,0.053319,0,0
0.2403,0.14269,0.20517,0.2554,0.27811,0.22939,0.11556,0.20195,0.25202,0.27196,0.67739,0.47117,0.59091,0.6087,0.78571,0.76422,0.33316,0.72223,0.7,0.79999,0.9434,0.3867,0.67506,0.45825,0.30315,0.0069327,0.12784,0.074374,0,0
0.19539,0.15908,0.16144,0.16407,0.24752,0.18674,0.13366,0.14719,0.16862,0.25531,0.59349,0.46296,0.50758,0.57971,0.65,0.69465,0.37891,0.66666,0.60001,0.75001,0.86395,0.41397,0.63707,0.46302,0.24264,0.0069327,0.12793,0.059842,0,0
0.19807,0.111,0.1637,0.21835,0.22165,0.17537,0.10018,0.12563,0.1833,0.22257,0.58735,0.5932,0.5303,0.68116,0.64286,0.63903,0.87804,0.55556,0.64999,0.75001,0.85524,0.41264,0.62408,0.44156,0.24544,0.0071201,0.12811,0.062257,0,0
0.16313,0.15454,0.14206,0.16407,0.16944,0.12843,0.083452,0.11261,0.14574,0.15066,0.67944,0.4627,0.56061,0.73913,0.7,0.72249,0.58844,0.61113,0.7,0.79999,0.83129,0.42528,0.62807,0.4511,0.2048,0.0069327,0.1281,0.049878,0,0
0.18645,0.075287,0.18692,0.18407,0.19507,0.17281,0.067794,0.16026,0.17349,0.19209,0.56647,0.41053,0.65152,0.6087,0.57143,0.58061,0.58058,0.55556,0.55,0.7,0.8966,0.38802,0.62508,0.42365,0.30349,0.0099307,0.1281,0.076022,0,0
0.35023,0.079548,0.34313,0.35805,0.35183,0.32949,0.061105,0.30361,0.34379,0.3509,0.77416,0.34878,0.72348,0.71014,0.8,0.74432,0.36319,0.7778,0.60001,0.75001,0.63865,0.38336,0.84203,0.35567,0.38933,0.0058085,0.12799,0.095633,0,0
0.30178,0.1184,0.29068,0.28569,0.30459,0.25467,0.026266,0.24702,0.25563,0.26467,0.59212,0.69393,0.56061,0.71014,0.67143,0.60655,0.60774,0.66666,0.60001,0.60001,0.69417,0.38204,0.82304,0.38608,0.27473,0.0043095,0.12813,0.067103,0,0
0.2741,0.28094,0.19205,0.25258,0.30108,0.20971,0.12721,0.16278,0.17742,0.27103,0.64318,0.68734,0.48485,0.7971,0.75714,0.60128,0.57566,0.58333,0.60001,0.7,0.64627,0.38868,0.79903,0.3837,0.30696,0.0058085,0.12809,0.075059,0,0
0.28383,0.096801,0.27758,0.28674,0.29329,0.2547,0.085867,0.22682,0.23939,0.29333,0.50988,0.52696,0.48863,0.5942,0.55714,0.55357,0.60827,0.58333,0.60001,0.60001,0.68981,0.38736,0.83303,0.36759,0.30108,0.0054338,0.12798,0.073407,0,0
0.24093,0.10409,0.23027,0.2447,0.25397,0.22567,0.091616,0.21076,0.22382,0.25331,0.57916,0.59037,0.43182,0.63043,0.7,0.54165,0.56863,0.49999,0.49999,0.64999,0.63539,0.41064,0.78204,0.37236,0.30515,0.0069327,0.12786,0.074622,0,0
0.16012,0.15722,0.12398,0.1654,0.1958,0.13155,0.11302,0.089399,0.14423,0.18074,0.50549,0.38873,0.57576,0.53623,0.5,0.5973,0.38679,0.66666,0.55,0.60001,0.92164,0.44657,0.71206,0.48091,0.20552,0.0071201,0.12799,0.050417,0,0
0.14156,0.20495,0.071103,0.14431,0.20569,0.12361,0.17195,0.060091,0.085478,0.19879,0.49662,0.28758,0.4697,0.50725,0.47143,0.47055,0.42002,0.41666,0.4,0.49999,0.069439,0.49778,0.20615,0.51014,0.20724,0.0084317,0.12831,0.050651,0,0
0.31064,0.23353,0.29409,0.35687,0.35156,0.26967,0.19575,0.21431,0.30462,0.34379,0.5356,0.62206,0.45455,0.68116,0.64286,0.56946,0.76521,0.58333,0.60001,0.67501,0.96843,0.42395,0.67307,0.48091,0.33706,0.0058085,0.12795,0.083959,0,0
0.24549,0.068493,0.2436,0.2525,0.25435,0.22805,0.067791,0.20781,0.24142,0.2508,0.56211,0.55018,0.43939,0.66667,0.62857,0.62511,0.60959,0.66666,0.64999,0.7,0.93796,0.44058,0.72205,0.46124,0.21057,0.0039348,0.12814,0.051574,0,0
0.29318,0.15152,0.2532,0.29874,0.33172,0.24922,0.11649,0.20547,0.2411,0.29552,0.63305,0.83221,0.4697,0.74638,0.8,0.60655,0.88015,0.55556,0.7,0.7,0.90531,0.42328,0.65907,0.47137,0.26705,0.0043095,0.12796,0.065562,0,0
0.239,0.17613,0.21216,0.22785,0.26806,0.22108,0.16508,0.16308,0.21593,0.28181,0.51026,0.62737,0.48485,0.62319,0.58571,0.6622,0.90666,0.7778,0.7,0.79999,0.87593,0.42793,0.66806,0.46661,0.20927,0.0041222,0.12797,0.05173,0,0
0.21832,0.11313,0.20479,0.21969,0.23379,0.19931,0.11941,0.15787,0.19581,0.24497,0.56974,0.66277,0.49242,0.6087,0.62143,0.59173,0.80958,0.5278,0.60001,0.72499,0.87048,0.43791,0.69906,0.46004,0.15014,0.0028106,0.12809,0.038075,0,0
0.22978,0.19294,0.14694,0.26536,0.26847,0.19826,0.16307,0.11558,0.2206,0.26612,0.55197,0.64168,0.4053,0.57971,0.69643,0.61717,0.70161,0.61113,0.60001,0.7,0.94776,0.42461,0.70506,0.46601,0.25442,0.0058085,0.128,0.062097,0,0
0.2309,0.15368,0.20481,0.19654,0.26097,0.18672,0.075578,0.16727,0.18019,0.20881,0.56756,0.73018,0.43939,0.65217,0.61429,0.56946,0.65757,0.66666,0.60001,0.60001,0.78995,0.43592,0.58908,0.45647,0.20584,0.0043095,0.12815,0.050578,0,0
0.28767,0.14997,0.25838,0.27529,0.32999,0.24793,0.1073,0.21262,0.24557,0.25375,0.56483,0.32982,0.62121,0.57971,0.54286,0.61119,0.30873,0.66666,0.55,0.60001,0.58969,0.44722,0.78004,0.40816,0.36474,0.0069327,0.12794,0.08948,0,0
0.22224,0.11854,0.20436,0.25175,0.24066,0.19487,0.10687,0.15632,0.20656,0.23611,0.58939,0.49644,0.54545,0.6087,0.67143,0.64367,0.42446,0.66666,0.60001,0.60001,0.66477,0.42061,0.74605,0.4165,0.1978,0.0043095,0.12805,0.049368,0,0
0.19437,0.11186,0.172,0.21533,0.21488,0.16425,0.08493,0.13332,0.17445,0.19793,0.55119,0.4265,0.54545,0.50725,0.65714,0.47676,0.34549,0.55556,0.4,0.49999,0.68981,0.42395,0.75604,0.42247,0.17711,0.0043095,0.12807,0.04311,0,0
0.30257,0.213,0.28295,0.27006,0.30434,0.24192,0.059197,0.23124,0.24637,0.25339,0.62681,0.32345,0.48105,0.6087,0.65714,0.58538,0.34966,0.58333,0.49999,0.60001,0.63865,0.41995,0.79604,0.38251,0.32105,0.0054338,0.12789,0.078155,0,0
0.20493,0.12301,0.17375,0.1965,0.22382,0.16972,0.059318,0.14702,0.17499,0.18745,0.65955,0.21135,0.56439,0.66667,0.62857,0.66484,0.34966,0.66666,0.60001,0.67501,0.71048,0.39335,0.80004,0.39145,0.21648,0.0054338,0.12806,0.052731,0,0
0.20397,0.095333,0.18212,0.20586,0.22123,0.18095,0.092074,0.151,0.16863,0.21359,0.44477,0.49796,0.33333,0.55072,0.51429,0.43964,0.3826,0.55556,0.4,0.49999,0.70722,0.48315,0.77505,0.46839,0.18338,0.0043095,0.12799,0.044752,0,0
0.24889,0.21768,0.21323,0.21372,0.26472,0.18712,0.031572,0.17774,0.18972,0.19906,0.59485,0.37735,0.40909,0.56522,0.62857,0.62511,0.35829,0.55556,0.55,0.7,0.68764,0.46385,0.78104,0.46302,0.21835,0.0041222,0.12814,0.053256,0,0
0.25248,0.20411,0.23824,0.25021,0.30508,0.22924,0.17823,0.1982,0.21859,0.30741,0.53481,0.45041,0.4697,0.47826,0.62857,0.58185,0.52703,0.55556,0.49999,0.625,1.0098,0.41863,0.68506,0.47674,0.37705,0.0086191,0.12798,0.092119,0,0
0.24815,0.11557,0.25819,0.26957,0.2537,0.2241,0.10513,0.21594,0.23688,0.2517,0.5239,0.59093,0.37121,0.65217,0.61429,0.61119,0.89972,0.49999,0.60001,0.75001,0.89007,0.41064,0.60908,0.47018,0.32525,0.0073075,0.12794,0.079526,0,0
0.22341,0.14068,0.20634,0.24176,0.2511,0.18905,0.1136,0.15184,0.20501,0.22897,0.69581,0.57776,0.62121,0.78261,0.74286,0.73638,0.48628,0.7778,0.7,0.79999,0.87919,0.43326,0.67506,0.46242,0.20089,0.0043095,0.12806,0.049513,0,0
0.28169,0.22296,0.25592,0.28413,0.31875,0.25799,0.20924,0.18865,0.27229,0.32997,0.5812,0.76086,0.36364,0.69565,0.74286,0.60655,0.89543,0.44446,0.60001,0.7,0.87483,0.41929,0.64307,0.45885,0.24611,0.0041222,0.12801,0.06058,0,0
0.16214,0.30465,0.057272,0.15537,0.17488,0.10181,0.11901,0.042876,0.11771,0.15802,0.5473,0.71818,0.38636,0.63768,0.6,0.63306,0.83359,0.61113,0.7,0.775,0.90204,0.42793,0.71306,0.45348,0.1738,0.0058085,0.12808,0.043954,0,0
0.18255,0.097284,0.17746,0.17973,0.19025,0.17732,0.070272,0.15494,0.16603,0.19337,0.68967,0.4937,0.61364,0.63043,0.78571,0.7503,0.4595,0.7778,0.7,0.79999,0.89443,0.43059,0.67106,0.46719,0.23029,0.0069327,0.12801,0.05641,0,0
0.28618,0.26989,0.21982,0.28413,0.34311,0.22028,0.15231,0.1648,0.22298,0.27844,0.59485,0.49044,0.54545,0.55072,0.72857,0.64367,0.31479,0.66666,0.55,0.7,0.93578,0.4133,0.69006,0.45587,0.26058,0.0043095,0.128,0.063696,0,0
0.23309,0.21309,0.20104,0.24503,0.28005,0.22161,0.18742,0.15925,0.25264,0.28638,0.64786,0.71791,0.55303,0.62319,0.8,0.72843,0.93543,0.72223,0.79999,0.79999,0.91293,0.394,0.67606,0.4517,0.25414,0.0058085,0.12788,0.062345,0,0
0.30108,0.16987,0.25744,0.31568,0.33994,0.28875,0.13401,0.28511,0.29374,0.3483,0.62418,0.27094,0.66667,0.62319,0.58571,0.5973,0.26905,0.66666,0.55,0.60001,0.58969,0.47184,0.78303,0.40576,0.37895,0.0069327,0.1278,0.09315,0,0
0.31376,0.18327,0.26849,0.32461,0.35694,0.26086,0.1354,0.21608,0.24377,0.31303,0.61231,0.71405,0.41667,0.76812,0.72857,0.59173,0.56351,0.49999,0.60001,0.7,0.71376,0.43526,0.51809,0.49881,0.22163,0.0028106,0.12772,0.054072,0,0
0.35461,0.19447,0.32364,0.31497,0.3902,0.29184,0.084772,0.26671,0.28677,0.31931,0.50207,0.70163,0.34848,0.65217,0.61429,0.51385,0.63136,0.55556,0.49999,0.60001,0.66043,0.4286,0.81403,0.4171,0.31048,0.0041222,0.12807,0.076683,0,0
0.23158,0.11582,0.22005,0.23187,0.2488,0.20556,0.10841,0.17103,0.20218,0.24273,0.63851,0.66335,0.54545,0.63043,0.81429,0.64367,0.65069,0.66666,0.64999,0.7,0.70614,0.40266,0.79003,0.40099,0.20696,0.0043095,0.12807,0.050714,0,0
0.22641,0.13408,0.20505,0.24207,0.24877,0.18707,0.10459,0.15016,0.21029,0.22149,0.59594,0.64845,0.34848,0.75362,0.71429,0.63623,0.43494,0.61113,0.60001,0.7,0.74205,0.39866,0.79304,0.40636,0.15905,0.0028106,0.12814,0.038691,0,0
0.28042,0.10947,0.2558,0.29236,0.29896,0.25363,0.10292,0.21276,0.25085,0.29703,0.63578,0.42168,0.71212,0.66667,0.62857,0.68076,0.40268,0.7778,0.64999,0.7,0.70831,0.41064,0.82203,0.40219,0.25456,0.0043095,0.12805,0.062126,0,0
0.29634,0.12387,0.28001,0.31397,0.31398,0.25467,0.10146,0.21839,0.2733,0.28938,0.53045,0.75155,0.36364,0.69565,0.65714,0.56946,0.90042,0.49999,0.7,0.7,0.91076,0.40266,0.69906,0.44573,0.21133,0.0028106,0.12796,0.051914,0,0
0.26653,0.37422,0.14825,0.26993,0.3746,0.20959,0.3322,0.10262,0.14258,0.33702,0.55992,0.50662,0.53788,0.62319,0.58571,0.70299,0.64722,0.66666,0.7,0.79999,0.86503,0.41662,0.67506,0.47197,0.18984,0.0029979,0.12776,0.047001,0,0
0.28015,0.18323,0.23931,0.2923,0.31746,0.21818,0.12078,0.17785,0.22063,0.26113,0.68354,0.24084,0.58333,0.63768,0.68571,0.65292,0.32707,0.66666,0.60001,0.64999,0.84219,0.41995,0.67806,0.47137,0.15277,0.001499,0.12769,0.037273,0,0
0.17665,0.16735,0.12663,0.18044,0.22466,0.14145,0.15058,0.099108,0.10292,0.19703,0.60576,0.43823,0.45076,0.69565,0.65714,0.63623,0.5067,0.61113,0.49999,0.72499,0.75729,0.43459,0.60908,0.46422,0.13024,0.0029979,0.12796,0.031703,0,0
0.24983,0.16419,0.22368,0.27246,0.27636,0.20638,0.13248,0.15985,0.24319,0.24702,0.47151,0.68542,0.23105,0.65217,0.61429,0.5027,0.79265,0.36113,0.49999,0.64999,0.92381,0.40465,0.73105,0.44215,0.17911,0.0028106,0.12797,0.043604,0,0
0.34047,0.18489,0.28584,0.34622,0.38026,0.29808,0.15372,0.23625,0.27417,0.36165,0.58705,0.1889,0.62121,0.57971,0.54286,0.58538,0.23387,0.58333,0.49999,0.60001,0.55267,0.44457,0.75505,0.40875,0.37757,0.0058085,0.12797,0.092629,0,0
0.27071,0.14911,0.2347,0.26826,0.30587,0.22365,0.10094,0.19629,0.19807,0.26059,0.5501,0.54269,0.4053,0.6087,0.61072,0.56946,0.60959,0.55556,0.60001,0.625,0.66151,0.40598,0.74204,0.41293,0.19482,0.0028106,0.12815,0.047788,0,0
0.31121,0.38456,0.27491,0.29644,0.35366,0.28154,0.33375,0.22273,0.25915,0.33118,0.54574,0.38097,0.42424,0.5942,0.55714,0.61893,0.32128,0.6389,0.49999,0.7,0.67022,0.40066,0.75405,0.40219,0.20181,0.059584,0.12809,0.17839,0,0
0.20969,0.20248,0.20531,0.23508,0.26094,0.18459,0.15576,0.1781,0.20691,0.2405,0.43658,0.47147,0.36364,0.43478,0.54286,0.43964,0.44102,0.44446,0.4,0.49999,0.69417,0.37339,0.75405,0.44811,0.18739,0.20405,0.12892,0.17777,0,0
0.37457,0.33263,0.28598,0.40314,0.45398,0.36176,0.27421,0.31034,0.36929,0.45967,0.56132,0.62414,0.50758,0.57971,0.68214,0.61717,0.79203,0.6389,0.7,0.7,0.99455,0.37073,0.64907,0.43142,0.41022,0.0058085,0.12801,0.10077,0,0
0.37735,0.35908,0.28765,0.45936,0.4409,0.2925,0.34309,0.1716,0.29471,0.41625,0.57712,0.8643,0.29545,0.66667,0.77143,0.56946,0.92506,0.38889,0.60001,0.75001,0.85089,0.41529,0.65007,0.45408,0.20125,0.001499,0.12797,0.049703,0,0
0.31679,0.2534,0.27501,0.35248,0.35687,0.25653,0.20431,0.18417,0.31841,0.31661,0.70727,0.4124,0.5303,0.78261,0.74286,0.76976,0.3389,0.75,0.7,0.79999,0.86069,0.3867,0.65607,0.46661,0.22416,0.0028106,0.12759,0.054656,0,0
0.34547,0.50633,0.16612,0.39412,0.43216,0.27448,0.30097,0.12927,0.31283,0.41439,0.62623,0.68076,0.57576,0.65217,0.74286,0.68076,0.72679,0.72223,0.7,0.79999,0.95538,0.37207,0.64007,0.44156,0.37141,0.065393,0.12794,0.2486,0,0
0.31543,0.097681,0.30798,0.31831,0.3251,0.2699,0.059429,0.24978,0.27854,0.29078,0.57302,0.74502,0.53788,0.68116,0.64286,0.61399,0.83422,0.5278,0.7,0.72499,0.91402,0.3847,0.69606,0.43798,0.22334,0.0028106,0.12789,0.055176,0,0
0.26095,0.34542,0.16675,0.28676,0.32874,0.18721,0.20104,0.11043,0.20389,0.2669,0.54846,0.66727,0.5303,0.57971,0.7,0.55093,0.79554,0.66666,0.55,0.60001,0.93578,0.40066,0.71805,0.43976,0.21628,0.0041222,0.128,0.056449,0,0
0.28276,0.13067,0.28106,0.30143,0.29693,0.25068,0.12057,0.21286,0.2667,0.29103,0.66034,0.18926,0.54545,0.66667,0.62857,0.69929,0.3826,0.66666,0.64999,0.7,0.97497,0.37605,0.73005,0.43379,0.25801,0.0043095,0.1279,0.06287,0,0
0.21832,0.21413,0.22679,0.23625,0.2414,0.20261,0.19466,0.17676,0.22366,0.24812,0.63851,0.1763,0.66667,0.62319,0.58571,0.72843,0.44662,0.69446,0.60001,0.67501,0.94667,0.40665,0.71905,0.46004,0.23484,0.0056211,0.12788,0.057134,0,0
0.19355,0.13322,0.16318,0.18804,0.22406,0.15278,0.064962,0.13214,0.15117,0.17721,0.45187,0.62225,0.26515,0.6087,0.57143,0.52496,0.89286,0.41666,0.60001,0.64999,0.81388,0.43858,0.65406,0.46064,0.13929,0.0029979,0.12808,0.034,0,0
0.18881,0.16052,0.15099,0.17224,0.22594,0.14104,0.060471,0.12628,0.12699,0.16273,0.5501,0.63243,0.36364,0.69565,0.65714,0.63623,0.87375,0.61113,0.60001,0.75001,0.80409,0.4286,0.65007,0.45707,0.13278,0.0028106,0.12799,0.033021,0,0
0.20318,0.1856,0.17093,0.18029,0.26021,0.16239,0.13096,0.12427,0.16122,0.20331,0.61122,0.82872,0.40909,0.78261,0.74286,0.62511,0.89668,0.66666,0.64999,0.7,0.83129,0.43259,0.64107,0.46422,0.18599,0.0043095,0.12802,0.045863,0,0
0.22762,0.30207,0.19498,0.1983,0.27125,0.1642,0.14262,0.13889,0.16998,0.19973,0.66423,0.64373,0.5303,0.7971,0.75714,0.72843,0.86018,0.69446,0.7,0.87499,0.85741,0.40798,0.62607,0.45288,0.24879,0.0058085,0.12798,0.062282,0,0
0.23145,0.19283,0.21457,0.21714,0.272,0.21358,0.17398,0.1598,0.19633,0.27822,0.64786,0.57513,0.62501,0.72464,0.68571,0.63306,0.68536,0.69446,0.60001,0.7,0.90204,0.40399,0.66806,0.45765,0.24999,0.0058085,0.1279,0.06183,0,0
0.27619,0.1457,0.2308,0.27837,0.31073,0.265,0.1171,0.2352,0.25579,0.31332,0.48181,0.31482,0.54545,0.50725,0.47143,0.48998,0.35873,0.47223,0.49999,0.49999,0.55267,0.41995,0.70805,0.38967,0.30485,0.0056211,0.12793,0.074442,0,0
0.34483,0.13854,0.32884,0.35909,0.36193,0.34266,0.060434,0.32228,0.34454,0.3652,0.59594,0.2682,0.58333,0.6087,0.57143,0.59173,0.38553,0.61113,0.49999,0.625,0.61907,0.4266,0.73205,0.40279,0.24609,0.0028106,0.12792,0.060085,0,0
0.27772,0.19204,0.26009,0.27529,0.32797,0.23542,0.15675,0.18868,0.24945,0.28479,0.49388,0.60357,0.43939,0.6087,0.57143,0.47676,0.60215,0.55556,0.45001,0.49999,0.67565,0.4286,0.79404,0.42605,0.25631,0.0043095,0.12811,0.062403,0,0
0.32467,0.12745,0.29636,0.35374,0.34102,0.29121,0.11875,0.24413,0.28995,0.34075,0.61941,0.5521,0.54545,0.71014,0.67143,0.69929,0.60215,0.7778,0.64999,0.7,0.69852,0.41662,0.83403,0.40398,0.28775,0.0041222,0.12804,0.070053,0,0
0.30194,0.10737,0.29503,0.28187,0.30642,0.28284,0.10318,0.248,0.27179,0.3201,0.57029,0.50372,0.33333,0.52174,0.64286,0.51385,0.587,0.33333,0.45001,0.7,0.73008,0.43459,0.85003,0.41471,0.26907,0.0041222,0.12799,0.065533,0,0
0.2378,0.19306,0.1961,0.22122,0.2829,0.22467,0.23245,0.14399,0.22709,0.30818,0.63851,0.26655,0.57576,0.65217,0.61429,0.76422,0.49204,0.72223,0.75001,0.79999,0.85633,0.46252,0.70905,0.49762,0.12001,0.0013116,0.12778,0.029345,0,0
0.33498,0.32103,0.27061,0.27414,0.41005,0.22619,0.02074,0.22196,0.22861,0.23284,0.64669,0.81862,0.39394,0.73913,0.8,0.65292,0.6836,0.55556,0.64999,0.75001,0.83783,0.44256,0.65607,0.47674,0.17317,0.0013116,0.12796,0.043223,0,0
0.30367,0.25629,0.26329,0.26307,0.34258,0.22388,0.029548,0.21561,0.23024,0.23359,0.55992,0.86481,0.31061,0.76812,0.72857,0.54723,0.86985,0.49999,0.60001,0.7,0.79647,0.44789,0.59107,0.47137,0.21257,0.0028106,0.12811,0.052532,0,0
0.22733,0.11694,0.20478,0.24141,0.25077,0.19585,0.1042,0.15967,0.19589,0.23535,0.51081,0.56806,0.36364,0.63768,0.6,0.52496,0.47218,0.49999,0.49999,0.55,0.75403,0.47051,0.58608,0.48688,0.15912,0.0028106,0.12813,0.038845,0,0
0.21582,0.23627,0.15906,0.21793,0.25216,0.15819,0.11201,0.11649,0.17285,0.20273,0.53755,0.65304,0.30303,0.68116,0.64286,0.53237,0.79975,0.33333,0.55,0.7,0.82259,0.43059,0.63007,0.4827,0.19786,0.0043095,0.1278,0.048294,0,0
0.30943,0.53835,0.15526,0.26155,0.44909,0.17803,0.19792,0.11097,0.15406,0.25464,0.74001,0.53538,0.60228,0.82609,0.78571,0.76976,0.46497,0.80556,0.7,0.75001,0.87702,0.41197,0.66806,0.46004,0.21336,0.0028106,0.1279,0.05207,0,0
0.19886,0.24796,0.12545,0.19361,0.26452,0.15386,0.16234,0.098812,0.11228,0.23575,0.57769,0.71711,0.37121,0.57971,0.76429,0.60128,0.81808,0.44446,0.60001,0.7,0.84979,0.4286,0.64007,0.46959,0.2161,0.0058085,0.12796,0.054009,0,0
0.16284,0.21165,0.12377,0.17771,0.20961,0.1544,0.17314,0.11222,0.17701,0.2043,0.64942,0.38473,0.69697,0.65217,0.61429,0.76422,0.58779,0.8889,0.7,0.79999,0.95755,0.37007,0.66307,0.40816,0.33151,0.012741,0.12811,0.081047,0,0
0.32979,0.24815,0.28465,0.33195,0.34248,0.26763,0.13441,0.22876,0.27057,0.32554,0.55899,0.42815,0.63636,0.5942,0.55714,0.55357,0.46081,0.66666,0.49999,0.60001,0.60383,0.43192,0.79604,0.39921,0.36785,0.0058085,0.12797,0.090053,0,0
0.25034,0.15127,0.22929,0.22291,0.27805,0.22224,0.14164,0.18278,0.2043,0.26433,0.4857,0.47573,0.39394,0.49275,0.61429,0.53237,0.53691,0.44446,0.49999,0.49999,0.63974,0.42395,0.73905,0.42307,0.22197,0.0041222,0.12811,0.054471,0,0
0.22866,0.25311,0.17122,0.22687,0.28301,0.16174,0.13628,0.11221,0.18425,0.20914,0.44204,0.51777,0.36743,0.43478,0.55714,0.43593,0.56351,0.30556,0.49999,0.52501,0.72681,0.4113,0.77704,0.4171,0.15601,0.0026232,0.12813,0.038035,0,0
0.31345,0.26717,0.2653,0.2814,0.35915,0.23125,0.05852,0.21275,0.25024,0.24805,0.54355,0.21899,0.43939,0.57971,0.54286,0.54723,0.21748,0.55556,0.49999,0.52501,0.69307,0.41596,0.78804,0.41173,0.22267,0.0028106,0.12807,0.054393,0,0
0.23168,0.16206,0.18766,0.2402,0.27412,0.19114,0.13295,0.15193,0.16195,0.24104,0.64506,0.46384,0.52652,0.72464,0.68571,0.65849,0.42711,0.69446,0.60001,0.7,0.69198,0.41197,0.75004,0.4165,0.16393,0.0028106,0.12812,0.040025,0,0
0.17513,0.18652,0.17563,0.19827,0.21624,0.14799,0.15851,0.11686,0.15706,0.20361,0.57536,0.42815,0.65152,0.6087,0.57143,0.61717,0.55864,0.66666,0.60001,0.7,0.74205,0.43924,0.55409,0.45945,0.19185,0.0058085,0.12814,0.046986,0,0
0.21216,0.11294,0.19755,0.22291,0.23536,0.19728,0.10878,0.16218,0.21408,0.23507,0.4284,0.23124,0.48485,0.44928,0.41429,0.51385,0.35829,0.55556,0.49999,0.49999,0.65824,0.45454,0.73705,0.45288,0.19213,0.0043095,0.12811,0.04686,0,0
0.32903,0.16215,0.29767,0.32073,0.35981,0.3237,0.12447,0.2814,0.31221,0.37174,0.59921,0.57497,0.4697,0.53623,0.74286,0.63623,0.29637,0.6389,0.60001,0.625,0.70069,0.41197,0.80004,0.39622,0.23328,0.0028106,0.12797,0.056969,0,0
0.28861,0.066327,0.28477,0.2891,0.29518,0.27288,0.060901,0.25248,0.2874,0.29257,0.4224,0.52331,0.36364,0.44928,0.46429,0.4582,0.68771,0.36113,0.49999,0.55,0.70288,0.45786,0.78604,0.44573,0.20646,0.0028106,0.12802,0.050286,0,0
0.21477,0.3006,0.12213,0.23366,0.30036,0.16399,0.25815,0.075256,0.13307,0.26423,0.49443,0.71746,0.40152,0.50725,0.57857,0.52496,0.83422,0.49999,0.60001,0.625,0.83457,0.45721,0.68806,0.49642,0.12334,0.0028106,0.12772,0.036687,0,0
0.24074,0.17349,0.1803,0.25773,0.2897,0.21641,0.16229,0.14801,0.21778,0.2876,0.65215,0.54234,0.68182,0.65217,0.62857,0.68076,0.56948,0.66666,0.7,0.7,0.85524,0.42395,0.64707,0.48628,0.22183,0.0044969,0.12775,0.054636,0,0
0.21597,0.14584,0.16995,0.23508,0.23918,0.17613,0.087908,0.1411,0.17845,0.21387,0.59212,0.58717,0.45455,0.65942,0.7,0.64367,0.62958,0.66666,0.7,0.7,0.93143,0.43059,0.72305,0.44871,0.19935,0.0043095,0.12817,0.048731,0,0
0.26228,0.090685,0.2415,0.26773,0.28252,0.23123,0.075037,0.20376,0.22488,0.26123,0.54846,0.40355,0.57576,0.54348,0.51429,0.60655,0.45519,0.66666,0.60001,0.60001,0.64955,0.45654,0.75505,0.45228,0.23284,0.0041222,0.12811,0.056935,0,0
0.25356,0.16375,0.22883,0.25758,0.27883,0.20253,0.095225,0.17005,0.22977,0.23146,0.60904,0.65941,0.41667,0.75362,0.71429,0.61399,0.70229,0.55556,0.60001,0.72499,0.68219,0.44855,0.75205,0.45467,0.18056,0.0028106,0.12819,0.044052,0,0
0.24474,0.19453,0.20908,0.24824,0.27971,0.22067,0.194,0.15062,0.21628,0.2952,0.68107,0.4023,0.65531,0.71014,0.67143,0.76976,0.56351,0.72223,0.7,0.775,0.85415,0.41264,0.67406,0.45885,0.17195,0.0028106,0.12784,0.041816,0,0
0.25353,0.2094,0.24268,0.24809,0.30186,0.23656,0.1908,0.17333,0.24282,0.313,0.57769,0.66906,0.48485,0.57971,0.72857,0.61717,0.77772,0.69446,0.60001,0.7,0.92055,0.42793,0.66407,0.47078,0.27948,0.0058085,0.128,0.068488,0,0
0.36899,0.26718,0.38341,0.41208,0.40166,0.33393,0.24189,0.2871,0.39097,0.40143,0.74609,0.30224,0.78788,0.73913,0.7,0.79202,0.25993,0.8889,0.7,0.775,0.96517,0.44722,0.62807,0.52028,0.40729,0.0058085,0.1279,0.10039,0,0
0.36354,0.13696,0.34325,0.38304,0.38041,0.3214,0.16311,0.26535,0.32353,0.37986,0.70399,0.5562,0.54545,0.69565,0.75714,0.79202,0.67113,0.66666,0.7,0.90001,0.81824,0.46385,0.63307,0.5167,0.18962,0.0013116,0.12773,0.04615,0,0
0.28864,0.20975,0.22067,0.30669,0.34079,0.23728,0.14976,0.1781,0.23539,0.29913,0.6576,0.65813,0.65152,0.7029,0.75714,0.62511,0.74885,0.55556,0.55,0.79999,0.81171,0.4459,0.57709,0.50179,0.2646,0.0043095,0.12787,0.064775,0,0
0.26527,0.38616,0.18556,0.22782,0.33915,0.16438,0.11235,0.12469,0.19037,0.20096,0.61559,0.62758,0.48485,0.55072,0.77143,0.52496,0.5067,0.49999,0.4,0.625,0.79212,0.44722,0.60607,0.49285,0.18974,0.0029979,0.12784,0.046383,0,0
0.25904,0.14829,0.24535,0.26181,0.28606,0.23572,0.13965,0.18641,0.24719,0.28766,0.70127,0.50327,0.78788,0.73913,0.7,0.6622,0.53058,0.7778,0.60001,0.7,0.87702,0.43126,0.65406,0.47674,0.23442,0.0043095,0.12793,0.057125,0,0
0.23834,0.16,0.23585,0.26471,0.26044,0.20397,0.13796,0.16744,0.23641,0.24316,0.58939,0.57129,0.69697,0.65217,0.61429,0.69929,0.82876,0.7778,0.7,0.79999,0.90857,0.40665,0.69305,0.44871,0.21728,0.0043095,0.12797,0.053596,0,0
0.20001,0.19671,0.21362,0.21833,0.22515,0.16276,0.1499,0.14402,0.1972,0.20179,0.6502,0.67127,0.51895,0.66667,0.78571,0.66484,0.71071,0.72223,0.7,0.7,0.8694,0.42461,0.66307,0.47853,0.21331,0.0054338,0.12782,0.051968,0,0
0.33503,0.19064,0.35849,0.3436,0.32452,0.33544,0.097981,0.31162,0.31521,0.35003,0.66657,0.37682,0.62121,0.5942,0.71429,0.64895,0.44301,0.7778,0.60001,0.67501,0.63539,0.45986,0.82003,0.41948,0.36169,0.0056211,0.12794,0.08862,0,0
0.27358,0.11407,0.25608,0.25868,0.29387,0.23206,0.057292,0.21359,0.22815,0.25301,0.50481,0.60357,0.30303,0.63768,0.6,0.42111,0.58508,0.33333,0.45001,0.49999,0.68219,0.43658,0.79003,0.43559,0.24047,0.0041222,0.12813,0.058918,0,0
0.17555,0.18848,0.13755,0.18856,0.22547,0.13871,0.14836,0.088404,0.15026,0.19195,0.53481,0.58155,0.39394,0.65217,0.61429,0.58802,0.60215,0.55556,0.60001,0.7,0.72029,0.43459,0.55908,0.47256,0.15747,0.0043095,0.12789,0.038359,0,0
0.20575,0.13535,0.17136,0.20066,0.23977,0.177,0.13709,0.13902,0.14117,0.22735,0.74001,0.4321,0.70833,0.76812,0.72857,0.72526,0.3942,0.72223,0.7,0.72499,0.71048,0.43924,0.56109,0.4851,0.14495,0.0028106,0.12772,0.035336,0,0
0.34576,0.17007,0.31561,0.31516,0.37784,0.32474,0.14964,0.27838,0.30405,0.38703,0.68148,0.65701,0.66667,0.76812,0.72857,0.65292,0.69121,0.66666,0.64999,0.75001,0.61253,0.43791,0.83802,0.37535,0.42984,0.0069327,0.12786,0.10666,0,0
0.15636,0.23203,0.094437,0.15247,0.19538,0.14263,0.19946,0.074719,0.12182,0.21671,0.67307,0.37674,0.67424,0.63768,0.63929,0.69311,0.42002,0.75,0.60001,0.7,0.64301,0.43259,0.73705,0.41173,0.21901,0.0084317,0.12792,0.055137,0,0
0.38188,0.40003,0.21714,0.42291,0.45012,0.30269,0.25904,0.16949,0.35986,0.40548,0.5543,0.31458,0.5,0.5942,0.55714,0.58538,0.27788,0.66666,0.49999,0.60001,0.71048,0.43991,0.927,0.39861,0.42068,0.0056211,0.12797,0.10244,0,0
0.40393,0.39672,0.33657,0.32766,0.46627,0.28645,0.048454,0.27105,0.28756,0.30443,0.5501,0.38105,0.44319,0.62319,0.58571,0.61399,0.47218,0.61113,0.49999,0.64999,0.67022,0.4286,0.81203,0.40816,0.29549,0.0029979,0.128,0.072046,0,0
0.36229,0.17669,0.34308,0.34276,0.4104,0.31119,0.1494,0.2657,0.30857,0.35908,0.61941,0.71565,0.42424,0.7029,0.77143,0.64367,0.56151,0.66666,0.60001,0.7,0.73117,0.4093,0.87901,0.38907,0.31287,0.0039348,0.128,0.076163,0,0
0.36813,0.12654,0.35026,0.3611,0.38679,0.35531,0.10592,0.31735,0.35823,0.39526,0.64506,0.1937,0.63258,0.63768,0.6,0.72526,0.3942,0.75,0.60001,0.67501,0.70614,0.42061,0.82503,0.40636,0.26336,0.0028106,0.12802,0.064124,0,0
0.31807,0.031455,0.33053,0.3188,0.31557,0.29199,0.034822,0.27895,0.29634,0.30768,0.64085,0.58835,0.59091,0.75362,0.71429,0.58538,0.6265,0.66666,0.60001,0.67501,0.67022,0.43126,0.83903,0.38013,0.34722,0.0056211,0.12784,0.084693,0,0
0.21172,0.14265,0.18584,0.21157,0.23155,0.21268,0.10015,0.18334,0.20066,0.24461,0.63578,0.42168,0.71212,0.66667,0.62857,0.62511,0.539,0.55556,0.64999,0.7,0.69307,0.45986,0.76404,0.42962,0.19311,0.0043095,0.1278,0.047219,0,0
0.20856,0.15623,0.18086,0.22559,0.23663,0.22223,0.058325,0.20814,0.20778,0.24304,0.48134,0.64589,0.29925,0.63768,0.6,0.5027,0.70229,0.44446,0.49999,0.625,0.73117,0.47449,0.77404,0.47078,0.14559,0.0028106,0.12808,0.035422,0,0
0.31753,0.17265,0.28235,0.35972,0.35092,0.2761,0.15309,0.21654,0.2954,0.33821,0.57029,0.63755,0.60606,0.56522,0.71429,0.58802,0.55547,0.66666,0.60001,0.60001,0.68655,0.46318,0.82404,0.44573,0.2893,0.0043095,0.12804,0.070544,0,0
0.32621,0.19625,0.29347,0.29548,0.36621,0.25091,0.027691,0.24405,0.25326,0.26012,0.51982,0.77298,0.29545,0.62319,0.67143,0.62511,1.0067,0.44446,0.64999,0.79999,0.82259,0.48182,0.63507,0.50836,0.18291,0.0016863,0.12801,0.045123,0,0
0.36059,0.62144,0.20008,0.20326,0.54443,0.23261,0.30358,0.14524,0.17456,0.32285,0.60849,0.47608,0.69697,0.65217,0.61429,0.64367,0.39134,0.55556,0.60001,0.60001,0.88681,0.42593,0.61708,0.49762,0.31397,0.0041222,0.12782,0.076785,0,0
0.28736,0.29923,0.24554,0.27219,0.34313,0.2228,0.17445,0.17573,0.21908,0.29087,0.63383,0.80854,0.39016,0.82609,0.78571,0.58538,0.89325,0.41666,0.7,0.775,0.83783,0.43592,0.57308,0.49762,0.30874,0.0056211,0.12788,0.075652,0,0
0.27482,0.16934,0.23468,0.27982,0.32002,0.24386,0.15212,0.18762,0.21761,0.32258,0.72037,0.58187,0.62879,0.82609,0.78571,0.85562,0.65168,0.80556,0.79999,0.97501,0.91945,0.42528,0.64606,0.46899,0.30581,0.0058085,0.12802,0.074695,0,0
0.26749,0.2216,0.20901,0.26068,0.29205,0.26609,0.18493,0.20798,0.24709,0.32678,0.61667,0.74102,0.51515,0.75362,0.71429,0.60655,0.83289,0.66666,0.7,0.7,0.69417,0.45986,0.80403,0.45527,0.24528,0.0043095,0.12812,0.05974,0,0
0.25069,0.18284,0.22824,0.22222,0.25058,0.195,0.02591,0.18844,0.19907,0.20408,0.55937,0.57185,0.45455,0.66667,0.62857,0.58802,0.76078,0.66666,0.55,0.60001,0.79755,0.47516,0.58608,0.51073,0.2251,0.0043095,0.12797,0.055283,0,0
0.3769,0.30976,0.30075,0.4029,0.46094,0.32245,0.24443,0.23906,0.29474,0.43815,0.70165,0.46741,0.69697,0.66667,0.75714,0.72843,0.51676,0.61113,0.60001,0.79999,0.96409,0.44058,0.61508,0.49881,0.42068,0.0058085,0.12799,0.10297,0,0
0.31479,0.25941,0.24005,0.27138,0.39353,0.25096,0.15238,0.20425,0.22199,0.30022,0.67398,0.63931,0.78788,0.73913,0.7,0.68076,0.56948,0.66666,0.7,0.7,0.84,0.43059,0.59408,0.48688,0.27773,0.0041222,0.12789,0.067711,0,0
0.29359,0.26194,0.22991,0.26237,0.35238,0.23231,0.13342,0.19058,0.2018,0.2812,0.6619,0.67679,0.45076,0.82609,0.78571,0.66484,0.54993,0.61113,0.7,0.7,0.81824,0.4439,0.53909,0.48211,0.32664,0.0058085,0.12806,0.079584,0,0
0.26399,0.22322,0.22008,0.25534,0.30628,0.22852,0.18846,0.17027,0.18928,0.29522,0.6923,0.32742,0.74242,0.69565,0.65714,0.71254,0.55575,0.72223,0.7,0.775,0.85524,0.41995,0.59608,0.48211,0.2977,0.0058085,0.12788,0.072649,0,0
0.29203,0.19726,0.25146,0.28963,0.36079,0.2485,0.14434,0.19792,0.24142,0.30189,0.62916,0.69779,0.46212,0.68116,0.77143,0.64895,0.7308,0.5278,0.60001,0.775,0.84219,0.41796,0.57008,0.47793,0.31804,0.0056211,0.12792,0.077893,0,0
0.2707,0.12385,0.23957,0.28816,0.29043,0.26424,0.093979,0.23576,0.27106,0.29514,0.70672,0.52992,0.68182,0.72464,0.77143,0.69929,0.41643,0.7778,0.7,0.7,0.86503,0.43392,0.63707,0.47853,0.24338,0.0041222,0.12795,0.05936,0,0
0.26104,0.23394,0.21047,0.23957,0.33506,0.2486,0.21507,0.16556,0.27645,0.33442,0.69853,0.43527,0.77273,0.72464,0.68571,0.75494,0.48396,0.8889,0.7,0.79999,0.88245,0.43059,0.65907,0.47615,0.23442,0.0043095,0.12793,0.057032,0,0
0.23485,0.09185,0.25031,0.2432,0.28156,0.21628,0.063372,0.14404,0.30312,0.22883,0.6276,0.68196,0.55613,0.60405,0.74952,0.65078,0.60068,0.64736,0.55129,0.73555,0.81611,0.38785,0.72904,0.4753,0.21582,0.021757,0.12824,0.05747,0,1
0.27375,0.20984,0.22175,0.23547,0.32206,0.24414,0.13815,0.14816,0.285,0.32758,0.48504,0.67023,0.45384,0.58937,0.62672,0.46681,0.49515,0.48876,0.43837,0.61492,0.7478,0.34844,0.71979,0.43582,0.25801,0.052622,0.12824,0.097373,0,1
0.21308,0.16888,0.19138,0.17623,0.23254,0.19211,0.15774,0.16275,0.19413,0.21563,0.66397,0.49162,0.54147,0.60761,0.62184,0.52543,0.40806,0.6056,0.48385,0.55072,0.75203,0.34441,0.70612,0.42211,0.31864,0.056926,0.12824,0.10005,0,1
0.22569,0.14595,0.25881,0.21993,0.28548,0.18049,0.11963,0.15724,0.20509,0.23052,0.74859,0.58427,0.5712,0.70344,0.72805,0.71077,0.52982,0.61143,0.58951,0.77053,0.79612,0.38113,0.80982,0.42275,0.27312,0.068515,0.12824,0.06286,0,1
0.13386,0.20646,0.15281,0.13296,0.1928,0.14157,0.17516,0.15486,0.13168,0.216,0.71586,0.41973,0.64115,0.73235,0.76827,0.63476,0.57234,0.76846,0.55462,0.7255,0.84401,0.38975,0.76495,0.22441,0.33706,0.12868,0.12824,0.09471,1,1
0.1832,0.17655,0.090611,0.12842,0.15495,0.097398,0.12771,0.10272,0.13902,0.16594,0.71963,0.45004,0.68875,0.56677,0.71758,0.68189,0.46341,0.6915,0.58099,0.62263,0.83221,0.39718,0.82969,0.29271,0.31882,0.087296,0.12824,0.13452,1,1
0.003154,0.042577,0.0051586,0.0052461,0.0068585,0.0037773,0.026809,0.011392,0.0099625,0.018944,0.9539,0.084207,0.94339,0.88336,0.90777,0.88209,0.33661,0.96543,0.78052,0.83581,0.91319,0.43418,0.87819,0.25204,0.10782,0.17518,0.12825,0.12393,1,1
0.15504,0.19672,0.090917,0.102,0.14236,0.070825,0.12063,0.085803,0.091714,0.13773,0.63711,0.25834,0.68712,0.61693,0.69662,0.58111,0.33954,0.6031,0.51103,0.6661,0.8591,0.36798,0.6767,0.44097,0.18618,0.059057,0.12824,0.082792,0,1
0.053144,0.073553,0.04392,0.049484,0.073986,0.039006,0.059024,0.018068,0.036751,0.045441,0.74693,0.36821,0.73718,0.84588,0.78847,0.62544,0.30896,0.7393,0.6361,0.6247,0.8856,0.41298,0.69762,0.38108,0.13813,0.044448,0.12824,0.062865,0,1
0.16365,0.16855,0.093856,0.21928,0.15464,0.13635,0.15245,0.15052,0.13235,0.14455,0.73098,0.2694,0.67188,0.78238,0.51175,0.66694,0.39693,0.63416,0.5569,0.75946,0.77973,0.3458,0.7387,0.33099,0.31507,0.3108,0.12824,0.14185,1,1
0.12064,0.17826,0.067877,0.089069,0.10424,0.1354,0.12761,0.061053,0.063705,0.091735,0.56589,0.40622,0.75223,0.72617,0.69867,0.70059,0.34087,0.6767,0.61507,0.67966,0.78476,0.39081,0.80524,0.33013,0.23979,0.047938,0.12824,0.099074,0,1
0.28787,0.15099,0.19199,0.2004,0.27033,0.24804,0.12862,0.16612,0.17932,0.21576,0.51087,0.65149,0.46057,0.48208,0.64288,0.531,0.57411,0.54193,0.56656,0.65533,0.731,0.40753,0.74712,0.46093,0.23149,0.028903,0.12824,0.075681,0,1
0.19288,0.12345,0.10984,0.20155,0.15268,0.10321,0.094848,0.099785,0.088469,0.15256,0.64401,0.3842,0.64084,0.71782,0.67161,0.71795,0.40633,0.70376,0.69277,0.71059,0.73793,0.39473,0.7282,0.2714,0.32347,0.16862,0.12824,0.081616,1,1
0.21796,0.15647,0.13755,0.19501,0.23436,0.14942,0.11994,0.074924,0.18179,0.19993,0.63479,0.54,0.60185,0.56232,0.60097,0.58288,0.37735,0.55623,0.50383,0.60172,0.83007,0.32545,0.7826,0.46059,0.25897,0.024843,0.12824,0.046515,0,1
0.20107,0.22751,0.098108,0.068218,0.12178,0.095377,0.14214,0.047698,0.11072,0.17053,0.66054,0.30512,0.59994,0.54444,0.59983,0.56799,0.30868,0.67426,0.51091,0.5983,0.80774,0.39855,0.70958,0.32233,0.27162,0.082641,0.12824,0.099813,0,1
0.18116,0.10862,0.16701,0.24511,0.25255,0.15749,0.097328,0.13622,0.18967,0.21333,0.56189,0.62923,0.53216,0.67358,0.66426,0.61406,0.56327,0.53786,0.55378,0.59761,0.88739,0.41824,0.66461,0.48791,0.23392,0.0068456,0.12824,0.039651,0,1
0.00026117,0.015844,0.001581,0.0022172,-0.0029598,-0.0018562,0.017294,0.0079153,0.00097556,0.0024588,0.97865,0.057992,0.97927,0.95791,0.91211,0.93841,0.298,0.98743,0.85828,0.85825,0.91385,0.44816,0.87372,0.18996,0.10636,0.11328,0.12825,0.072313,1,1
0.14023,0.15843,0.057498,0.096064,0.13027,0.10351,0.10578,0.039461,0.075014,0.068158,0.65319,0.44052,0.78422,0.53847,0.69878,0.59937,0.3735,0.7097,0.56512,0.63031,0.91825,0.46723,0.59356,0.49251,0.23538,0.025151,0.12824,0.073106,0,1
0.15125,0.23834,0.090044,0.16648,0.21607,0.10752,0.12423,0.072319,0.094261,0.17253,0.65428,0.59656,0.68658,0.52987,0.76435,0.57203,0.45277,0.54356,0.50812,0.61051,0.89549,0.41655,0.66774,0.48428,0.2885,0.0083942,0.12824,0.063409,0,1
0.35331,0.13186,0.30173,0.33463,0.37538,0.31576,0.08712,0.23464,0.37244,0.34955,0.60363,0.68636,0.46486,0.63017,0.66344,0.57827,0.55604,0.56526,0.58516,0.6778,0.74987,0.39444,0.69412,0.47578,0.22765,0.024625,0.12824,0.086029,0,1
0.28754,0.08589,0.32025,0.33135,0.29917,0.26081,0.041585,0.24261,0.35862,0.33583,0.57463,0.78071,0.46404,0.57188,0.77128,0.55945,0.62874,0.5841,0.62923,0.69427,0.82987,0.34185,0.66174,0.48805,0.16541,0.010165,0.12824,0.048279,0,1
0.18168,0.1268,0.12786,0.20373,0.19076,0.18306,0.11276,0.11044,0.18922,0.18088,0.57874,0.59962,0.55485,0.67535,0.54418,0.46287,0.46918,0.48393,0.57868,0.55678,0.8881,0.4156,0.64865,0.49021,0.2267,0.017085,0.12824,0.055978,0,1
0.15945,0.1927,0.15187,0.15425,0.19829,0.12278,0.19312,0.13344,0.1177,0.1475,0.58284,0.45745,0.44332,0.59299,0.63888,0.58862,0.42964,0.52726,0.59227,0.46852,0.79715,0.35305,0.74856,0.39436,0.27743,0.1705,0.12824,0.10848,0,1
0.20246,0.11856,0.20633,0.21081,0.28581,0.19566,0.074072,0.11297,0.2174,0.21101,0.54423,0.67609,0.51303,0.67431,0.72206,0.52202,0.53943,0.61123,0.57625,0.70291,0.82773,0.39945,0.75355,0.46791,0.23857,0.0076981,0.12824,0.05328,0,1
0.18181,0.13182,0.14782,0.23268,0.15266,0.13712,0.11095,0.12953,0.13233,0.16357,0.66439,0.4011,0.70633,0.67479,0.55471,0.76291,0.44071,0.6625,0.65416,0.65578,0.73435,0.36127,0.70273,0.4155,0.27861,0.16797,0.12825,0.088445,0,1
0.25098,0.11045,0.27231,0.24854,0.31808,0.21474,0.074864,0.16931,0.26039,0.26166,0.7126,0.6931,0.53531,0.71554,0.65074,0.57998,0.59776,0.60533,0.68455,0.71269,0.80475,0.36084,0.75109,0.45707,0.23414,0.038249,0.12824,0.058704,0,1
0.0018068,0.015054,0.0019515,0.0016471,-0.0024494,0.00024739,0.018634,0.0094817,0.00035174,-0.00028546,0.97983,0.041725,0.96667,0.92128,0.91691,0.8876,0.23096,0.98667,0.79447,0.8248,0.94393,0.45236,0.93468,0.22097,0.082555,0.09496,0.12825,0.099988,1,1
0.20637,0.22587,0.14634,0.22104,0.18449,0.19584,0.16633,0.19118,0.15509,0.20844,0.5976,0.47035,0.50692,0.57685,0.61663,0.59079,0.43368,0.50156,0.55993,0.66382,0.78357,0.39618,0.75595,0.33377,0.33415,0.18749,0.12824,0.1426,0,1
0.17845,0.1433,0.21569,0.23665,0.23082,0.20978,0.097297,0.13613,0.25424,0.24264,0.55669,0.70888,0.54238,0.62037,0.68189,0.49084,0.5463,0.53273,0.56887,0.61846,0.79198,0.37527,0.71435,0.47744,0.24358,0.012246,0.12824,0.06547,0,1
0.2825,0.096384,0.29014,0.24722,0.27561,0.27359,0.056575,0.22293,0.28165,0.26093,0.53899,0.67154,0.47213,0.59961,0.59376,0.55678,0.57031,0.49936,0.53809,0.66202,0.8217,0.3846,0.71916,0.41378,0.24113,0.036913,0.12824,0.078952,0,1
0.27352,0.1583,0.20698,0.2198,0.26663,0.22521,0.11702,0.15683,0.23996,0.29573,0.64288,0.68625,0.4181,0.48675,0.65745,0.56959,0.52501,0.54926,0.5056,0.62731,0.72893,0.38482,0.77633,0.46485,0.27258,0.018929,0.12824,0.059667,0,1
0.21838,0.11955,0.18823,0.2171,0.23003,0.20938,0.09979,0.12205,0.20776,0.222,0.47418,0.71261,0.45375,0.47721,0.59562,0.56021,0.45896,0.49796,0.50116,0.63817,0.77895,0.38799,0.69216,0.46039,0.19734,0.027276,0.12824,0.04842,0,1
0.21605,0.19279,0.14153,0.16025,0.24139,0.17169,0.11614,0.094073,0.16593,0.26983,0.69422,0.60623,0.52522,0.61826,0.62622,0.55464,0.43969,0.5989,0.58024,0.68461,0.84894,0.43465,0.76571,0.44392,0.28176,0.023375,0.12824,0.052104,0,1
0.25363,0.16041,0.2637,0.24386,0.2599,0.19609,0.11283,0.16024,0.25108,0.23911,0.52113,0.68748,0.46453,0.59326,0.69149,0.56809,0.54245,0.5464,0.53557,0.61624,0.80886,0.34615,0.73357,0.4822,0.24286,0.022519,0.12824,0.054772,0,1
0.17244,0.12991,0.16167,0.20035,0.15368,0.14319,0.088592,0.1121,0.12994,0.18279,0.66059,0.63206,0.58215,0.56179,0.7515,0.62408,0.57313,0.6366,0.65425,0.73498,0.84281,0.41709,0.72498,0.4922,0.23113,0.010473,0.12824,0.056819,0,1
0.0078938,0.02296,0.003324,0.0078331,0.0050106,0.0041008,0.02166,0.0063422,0.0061757,0.0041542,0.96752,0.072418,0.97382,0.93994,0.9496,0.93287,0.26319,0.98993,0.85294,0.9004,0.96613,0.4585,0.88541,0.23645,0.11035,0.051856,0.12825,0.062899,1,1
0.34005,0.21104,0.32836,0.32319,0.37872,0.30144,0.14171,0.28037,0.37189,0.41447,0.58525,0.54972,0.51023,0.48972,0.59925,0.60174,0.44798,0.58,0.56368,0.61423,0.683,0.2662,0.78847,0.33502,0.38436,0.17317,0.12824,0.14443,1,1
0.026502,0.10294,0.0071215,0.017419,0.022195,0.017871,0.033149,0.0080562,0.0075645,0.0034012,0.93815,0.15692,0.89728,0.81318,0.90663,0.89765,0.27751,0.9316,0.72811,0.81463,0.94228,0.39562,0.8824,0.30747,0.17069,0.066981,0.12824,0.064692,1,1
0.092317,0.1356,0.11864,0.087792,0.14246,0.10731,0.097807,0.10256,0.08605,0.14656,0.77341,0.35659,0.72642,0.83841,0.82219,0.70356,0.41772,0.76556,0.7378,0.67873,0.84478,0.37647,0.82309,0.23193,0.31459,0.11134,0.12824,0.10849,1,1
0.30267,0.12385,0.33198,0.32996,0.36536,0.33335,0.088023,0.20528,0.29368,0.30243,0.56786,0.75227,0.48196,0.64212,0.73377,0.59921,0.63126,0.6684,0.62947,0.75688,0.77647,0.29901,0.78184,0.3892,0.28136,0.051054,0.12824,0.079803,0,1
0.31881,0.12452,0.2548,0.31968,0.34401,0.29824,0.092392,0.17875,0.29275,0.23981,0.61125,0.79049,0.50181,0.60181,0.63816,0.6393,0.67527,0.59576,0.63844,0.69373,0.77879,0.37478,0.70758,0.44863,0.25671,0.033299,0.12824,0.066529,0,1
0.17348,0.14451,0.17737,0.16488,0.22017,0.10635,0.14311,0.087856,0.18082,0.21565,0.64904,0.49463,0.54788,0.66482,0.70915,0.63162,0.44765,0.6279,0.54013,0.62803,0.79829,0.33179,0.77614,0.377,0.28248,0.053042,0.12824,0.12416,0,1
0.25021,0.10998,0.27271,0.2676,0.25682,0.27733,0.082951,0.1664,0.2641,0.20943,0.58823,0.7479,0.44687,0.53318,0.70904,0.58829,0.58137,0.52826,0.53863,0.69775,0.80319,0.3292,0.7553,0.44583,0.27232,0.0094238,0.12824,0.053032,0,1
0.28436,0.086564,0.22939,0.2375,0.26538,0.22941,0.072643,0.16536,0.26209,0.29292,0.6329,0.72431,0.49747,0.5986,0.6057,0.58729,0.56892,0.5466,0.53878,0.70993,0.73404,0.36904,0.69546,0.48596,0.22907,0.0070227,0.12824,0.043553,0,1
0.29244,0.11694,0.36498,0.31037,0.39699,0.30861,0.067222,0.21158,0.36092,0.299,0.63447,0.72922,0.52038,0.66794,0.75715,0.68824,0.57988,0.576,0.61162,0.72037,0.83387,0.31925,0.73475,0.41985,0.24877,0.054058,0.12825,0.059254,0,1
0.13076,0.19447,0.080851,0.12776,0.16083,0.12227,0.13716,0.10776,0.057776,0.083692,0.70978,0.34726,0.68057,0.78477,0.73377,0.5497,0.43318,0.54526,0.60655,0.65365,0.80351,0.38363,0.77761,0.34763,0.28365,0.12595,0.12824,0.13431,0,1
0.20955,0.14168,0.15098,0.14302,0.23424,0.16568,0.094273,0.10749,0.16514,0.18279,0.64523,0.53552,0.58847,0.61072,0.64434,0.56031,0.39417,0.58603,0.56863,0.67804,0.84595,0.40207,0.73269,0.46373,0.24719,0.035438,0.12824,0.057271,0,1
0.24202,0.17883,0.19569,0.2036,0.22509,0.17313,0.12894,0.094574,0.15918,0.24751,0.44663,0.56068,0.58486,0.67389,0.68473,0.53431,0.4493,0.60886,0.54088,0.62215,0.78713,0.37167,0.75183,0.43961,0.30473,0.022876,0.12824,0.083789,0,1
0.18361,0.16649,0.13823,0.13398,0.24133,0.16035,0.090274,0.063906,0.15602,0.15227,0.57256,0.67231,0.60548,0.59263,0.66285,0.60244,0.52254,0.60313,0.54253,0.72268,0.81646,0.38698,0.67188,0.50643,0.19415,0.034427,0.12824,0.05851,0,1
0.25676,0.12754,0.24861,0.26342,0.26748,0.22457,0.081052,0.12936,0.28826,0.27396,0.48719,0.58424,0.59314,0.68925,0.76049,0.51538,0.39865,0.66706,0.55342,0.58459,0.81944,0.39484,0.72283,0.47553,0.21857,0.022277,0.12824,0.084765,0,1
0.058669,0.16585,0.025082,0.048957,0.074983,0.04333,0.083161,0.060058,0.05534,0.078135,0.82597,0.22888,0.73824,0.76483,0.78882,0.63259,0.34656,0.86813,0.57103,0.60634,0.87214,0.41423,0.83722,0.27434,0.23819,0.16376,0.12824,0.16601,1,1
0.41018,0.094853,0.39765,0.37906,0.39156,0.37356,0.065979,0.27719,0.40725,0.37471,0.46575,0.74811,0.36578,0.62755,0.64338,0.56632,0.70834,0.46106,0.66487,0.72757,0.70774,0.32216,0.73676,0.40504,0.26833,0.047117,0.12825,0.091691,0,1
0.26574,0.096661,0.24785,0.29514,0.2598,0.21457,0.070519,0.13274,0.29629,0.26417,0.63324,0.7346,0.48124,0.62772,0.63187,0.56719,0.56169,0.5708,0.58246,0.66568,0.82033,0.37574,0.6895,0.46691,0.21546,0.016124,0.12824,0.043036,0,1
0.24041,0.21414,0.2024,0.22606,0.30363,0.20932,0.13177,0.1093,0.23109,0.23707,0.56398,0.57043,0.51474,0.64299,0.65019,0.59243,0.52836,0.63436,0.58648,0.73339,0.72212,0.36618,0.75054,0.34804,0.2807,0.083508,0.12824,0.12347,1,1
0.35253,0.15862,0.3473,0.32023,0.37483,0.29135,0.10817,0.32045,0.36779,0.39157,0.5496,0.61338,0.49655,0.4906,0.57315,0.73798,0.55403,0.59573,0.67366,0.67972,0.63106,0.25261,0.81206,0.22546,0.38336,0.12212,0.12824,0.14041,1,1
0.34344,0.21666,0.21965,0.28227,0.31204,0.22514,0.16143,0.2173,0.27707,0.2926,0.55686,0.50513,0.42738,0.62768,0.60576,0.48427,0.52337,0.47509,0.43375,0.65347,0.6104,0.35475,0.77932,0.36971,0.32481,0.11789,0.12824,0.10604,0,1
0.025189,0.10292,0.015946,0.036308,0.030573,0.015735,0.069706,0.02456,0.011446,0.028838,0.8469,0.20301,0.9068,0.82581,0.86571,0.83906,0.36388,0.88503,0.65188,0.71881,0.96641,0.42095,0.843,0.30682,0.2172,0.069633,0.12824,0.096766,1,1
0.10271,0.17577,0.11789,0.12511,0.1179,0.13764,0.13641,0.11031,0.14315,0.14434,0.6866,0.31967,0.73135,0.65795,0.63481,0.58482,0.35958,0.62376,0.57859,0.56317,0.8276,0.39369,0.77274,0.42667,0.22454,0.060876,0.12824,0.091745,0,1
0.063056,0.10724,0.047573,0.078648,0.071663,0.077992,0.086783,0.052536,0.080988,0.080567,0.80379,0.21499,0.80731,0.76606,0.80066,0.69869,0.37222,0.8774,0.58873,0.75328,0.87908,0.39542,0.80432,0.3246,0.23941,0.10004,0.12824,0.11229,1,1
0.22545,0.058143,0.28813,0.27001,0.25109,0.22326,0.04739,0.12964,0.33543,0.29052,0.58203,0.76619,0.46273,0.5753,0.69232,0.69949,0.63416,0.50363,0.67477,0.71941,0.83936,0.34784,0.68875,0.48736,0.20408,0.0080607,0.12824,0.049786,0,1
0.34046,0.17076,0.24477,0.27064,0.32167,0.28591,0.12138,0.19271,0.20517,0.28176,0.54847,0.58363,0.64168,0.5232,0.6404,0.58198,0.42176,0.618,0.50554,0.67213,0.7103,0.34181,0.73553,0.40576,0.30108,0.086835,0.12824,0.09349,0,1
0.24452,0.18174,0.20994,0.20116,0.23332,0.21119,0.14244,0.14117,0.2043,0.20166,0.48724,0.64312,0.52081,0.59626,0.59859,0.54486,0.45069,0.50133,0.52969,0.57079,0.69549,0.3762,0.70185,0.45872,0.26903,0.046895,0.12824,0.11546,0,1
0.027089,0.069175,0.013243,0.016218,0.0062566,0.014409,0.050962,0.056832,0.011864,0.024842,0.96385,0.11144,0.92582,0.92081,0.89909,0.85655,0.33353,0.95833,0.69034,0.8287,0.89169,0.4312,0.87402,0.29564,0.19189,0.10903,0.12824,0.13068,1,1
0.14942,0.18974,0.10617,0.17114,0.2161,0.16187,0.14582,0.095232,0.17556,0.20998,0.61848,0.42573,0.64903,0.68752,0.67054,0.62945,0.42012,0.68116,0.63538,0.68332,0.77092,0.34403,0.7656,0.27106,0.31846,0.22325,0.12825,0.12166,1,1
0.17858,0.1687,0.27611,0.19963,0.21125,0.22786,0.095321,0.12199,0.19254,0.27322,0.5888,0.71517,0.62667,0.46997,0.74333,0.53167,0.48657,0.5883,0.57196,0.62449,0.75899,0.39754,0.69334,0.49738,0.24246,0.010744,0.12824,0.046651,0,1
0.2172,0.21988,0.1352,0.17713,0.23698,0.22407,0.14536,0.14221,0.20071,0.21311,0.68676,0.3866,0.68188,0.69979,0.76831,0.69475,0.47038,0.82436,0.62026,0.71506,0.74066,0.38677,0.83871,0.1711,0.35099,0.18994,0.12824,0.20119,1,1
0.13472,0.24787,0.079989,0.13982,0.078035,0.10781,0.14158,0.10307,0.043213,0.11611,0.61661,0.26809,0.69288,0.66846,0.76959,0.7786,0.3935,0.78046,0.57451,0.54994,0.86349,0.36663,0.73172,0.2805,0.29653,0.096852,0.12824,0.11644,1,1
0.2184,0.11411,0.21693,0.19612,0.31098,0.19958,0.066839,0.16861,0.21024,0.25597,0.55433,0.76765,0.42211,0.57258,0.69793,0.60445,0.61089,0.55636,0.70282,0.6742,0.73616,0.4017,0.73076,0.44731,0.21115,0.016714,0.12824,0.054699,0,1
0.0064923,0.047583,0.010558,0.0038611,0.0097851,0.01165,0.039526,0.011524,0.010665,0.0063186,0.93635,0.092539,0.95152,0.91107,0.87006,0.91324,0.33289,0.9645,0.85807,0.85768,0.92724,0.37151,0.89606,0.15195,0.18434,0.1875,0.12827,0.17475,1,1
0.05816,0.086135,0.04846,0.060615,0.097318,0.051267,0.09546,0.07193,0.053683,0.066541,0.91697,0.3138,0.83522,0.83636,0.71929,0.75717,0.48966,0.91087,0.57997,0.72808,0.84121,0.39968,0.72762,0.25031,0.21646,0.17282,0.12824,0.17783,1,1
0.1945,0.19677,0.11296,0.14487,0.22275,0.1819,0.14134,0.14022,0.087898,0.14418,0.54574,0.49711,0.5757,0.64169,0.67173,0.55981,0.33341,0.69056,0.62758,0.67789,0.8114,0.41802,0.80094,0.45288,0.19343,0.049563,0.12824,0.059224,0,1
-0.0052187,-0.0015009,-0.0011915,-0.0012038,-0.0063396,-0.0035494,0.0071997,0.002871,-0.0010556,-0.0046773,0.99214,0.026897,0.99297,0.97843,0.98263,0.98234,0.24651,0.9986,0.89899,0.93829,0.9665,0.47195,0.93482,0.17074,0.061367,0.01825,0.12824,0.1006,1,1
-0.0068827,-0.0027206,-0.0014864,-0.0024185,-0.0072459,-0.0054858,0.0024123,-0.0012349,-0.0023861,-0.0066007,0.9945,0.021414,0.99564,0.99293,0.98926,0.97553,0.22458,0.99773,0.90859,0.94471,0.98937,0.49111,0.80179,0.35063,-0.0020005,0.020337,0.12825,0.033676,1,1
0.25475,0.1309,0.20336,0.27935,0.27157,0.25862,0.13273,0.13623,0.24072,0.24421,0.62389,0.48837,0.56655,0.66899,0.7056,0.67278,0.48805,0.5946,0.64927,0.66871,0.73957,0.31753,0.78212,0.39277,0.30513,0.06303,0.12825,0.10573,0,1
0.1585,0.14835,0.11367,0.16406,0.14868,0.14578,0.10526,0.060874,0.18395,0.12598,0.5181,0.45915,0.60703,0.66508,0.67223,0.59403,0.36166,0.59416,0.51184,0.58975,0.89632,0.42862,0.7662,0.45705,0.21167,0.0099925,0.12824,0.062262,0,1
0.22248,0.16854,0.19903,0.22088,0.32714,0.18325,0.11707,0.16604,0.21543,0.17191,0.56202,0.60823,0.48611,0.69083,0.62616,0.47726,0.57079,0.51893,0.57877,0.64843,0.81761,0.41807,0.7658,0.4449,0.24989,0.023546,0.12824,0.060415,0,1
0.081437,0.16074,0.035699,0.044769,0.05667,0.051286,0.083854,0.060917,0.028528,0.084016,0.80994,0.34944,0.75761,0.7403,0.77669,0.71364,0.36502,0.7636,0.61987,0.71533,0.88844,0.4431,0.82489,0.34077,0.21348,0.078249,0.12824,0.096644,0,1
0.14428,0.104,0.14294,0.15634,0.1924,0.17778,0.099845,0.091098,0.15235,0.17655,0.619,0.60852,0.62744,0.61288,0.76978,0.58251,0.42534,0.5837,0.67078,0.75802,0.90739,0.4141,0.77075,0.53178,0.13232,0.0085357,0.12824,0.034489,0,1
0.20617,0.16138,0.17673,0.21593,0.22579,0.18039,0.12361,0.11575,0.2349,0.21538,0.53491,0.53003,0.58303,0.60727,0.52397,0.60171,0.48928,0.54196,0.48346,0.65272,0.82119,0.33473,0.64037,0.43567,0.24791,0.030815,0.12824,0.09086,0,1
0.034917,0.08277,0.016621,0.021057,0.035786,0.028964,0.054404,0.040574,0.015246,0.031205,0.87187,0.16932,0.80753,0.88557,0.88503,0.71114,0.44468,0.85597,0.73969,0.7633,0.91574,0.43821,0.83709,0.32484,0.083936,0.11903,0.12825,0.11152,1,1
0.072068,0.14582,0.058228,0.063813,0.10851,0.091035,0.11372,0.049301,0.066498,0.074239,0.75749,0.38806,0.7428,0.79861,0.84994,0.7105,0.40752,0.75396,0.65602,0.72904,0.81825,0.42454,0.75885,0.30372,0.27749,0.079137,0.12824,0.090904,1,1
0.24797,0.14296,0.21314,0.22124,0.2352,0.22305,0.11585,0.10831,0.27814,0.27817,0.67183,0.68438,0.59684,0.61437,0.7151,0.65165,0.54051,0.66446,0.64729,0.69097,0.85792,0.40022,0.68369,0.48114,0.24101,0.03112,0.12824,0.064712,0,1
0.22759,0.12586,0.20398,0.22627,0.27346,0.21212,0.1088,0.13254,0.28913,0.26806,0.56667,0.72207,0.55096,0.59671,0.69451,0.62701,0.50964,0.62426,0.57136,0.63052,0.79149,0.37324,0.78397,0.45937,0.2346,0.020672,0.12824,0.057693,0,1
0.14279,0.15919,0.15142,0.15592,0.14676,0.14635,0.11538,0.11253,0.12454,0.13966,0.77572,0.44889,0.60257,0.6059,0.66768,0.51925,0.40112,0.64536,0.52963,0.71407,0.77228,0.37932,0.79591,0.29665,0.2709,0.11302,0.12824,0.1026,1,1
0.053982,0.10666,0.023946,0.030458,0.019591,0.020645,0.056058,0.018473,0.023497,0.032248,0.93384,0.13159,0.88995,0.86114,0.86434,0.88907,0.27658,0.94597,0.69145,0.6964,0.81845,0.36436,0.87465,0.13927,0.26464,0.28572,0.12824,0.15114,1,1
-0.0060167,0.004285,-0.00095413,-0.0014788,-0.0063071,-0.0046578,0.0041867,0.0014565,-0.0019532,-0.0061114,0.99542,0.028931,0.99309,0.98817,0.99109,0.97677,0.32299,0.99773,0.85795,0.9544,0.98126,0.47868,0.90811,0.1512,0.039304,0.053144,0.12824,0.11203,1,1
0.2944,0.16251,0.23062,0.24128,0.28031,0.24614,0.13609,0.16897,0.25615,0.31615,0.57886,0.70917,0.41399,0.50641,0.65199,0.51301,0.56981,0.55656,0.54172,0.58348,0.74863,0.35582,0.73634,0.44219,0.244,0.062213,0.12824,0.086821,0,1
0.016632,0.041817,0.0056928,0.0097238,0.015374,0.0048173,0.063177,0.0087202,0.0056749,0.013876,0.8904,0.16871,0.87215,0.86617,0.71999,0.6407,0.27836,0.8421,0.5737,0.60001,0.93515,0.46245,0.71307,0.46325,0.080059,0.050362,0.12824,0.083881,0,1
0.30225,0.18006,0.25776,0.32227,0.37376,0.24624,0.10049,0.17139,0.25172,0.29154,0.57521,0.7004,0.45485,0.5969,0.62838,0.57237,0.56391,0.59313,0.62509,0.68737,0.79089,0.3698,0.76194,0.41264,0.27645,0.056966,0.12824,0.06842,0,1
0.20515,0.17919,0.16206,0.27621,0.26692,0.17792,0.12697,0.14629,0.26358,0.27636,0.53307,0.6685,0.49478,0.63746,0.73304,0.58041,0.49307,0.51086,0.60283,0.62893,0.79797,0.3814,0.78939,0.4528,0.30497,0.025795,0.12824,0.072328,0,1
0.2866,0.20298,0.24079,0.22001,0.27601,0.2182,0.088276,0.21862,0.18838,0.23689,0.64117,0.6577,0.46585,0.54108,0.64567,0.54693,0.58005,0.57503,0.54175,0.59683,0.7873,0.39454,0.74907,0.4136,0.26012,0.050123,0.12824,0.071404,0,1
0.14759,0.15279,0.13628,0.21231,0.21886,0.1473,0.10502,0.10267,0.23827,0.20295,0.58367,0.75326,0.49239,0.64284,0.75928,0.5956,0.58928,0.52056,0.57157,0.69841,0.75736,0.38668,0.75159,0.48138,0.22887,0.0059626,0.12824,0.047331,0,1
0.14922,0.16723,0.1308,0.16835,0.16045,0.14023,0.12809,0.09272,0.14099,0.11202,0.54424,0.54165,0.62194,0.69023,0.73133,0.52409,0.42243,0.5692,0.47668,0.6139,0.85244,0.40662,0.66756,0.47049,0.21446,0.0273,0.12824,0.063647,0,1
0.27749,0.23826,0.22108,0.25463,0.3308,0.21463,0.12351,0.16438,0.19244,0.29455,0.56213,0.52677,0.57713,0.61207,0.66023,0.50877,0.45807,0.61993,0.61993,0.55093,0.71867,0.36252,0.69537,0.36622,0.33722,0.085862,0.12824,0.10913,1,1
0.00088662,0.06207,0.0017184,0.0019554,0.0017122,-5.2015e-05,0.032008,0.0061388,-5.8176e-05,0.0010985,0.94971,0.14681,0.93442,0.91838,0.94217,0.85869,0.34179,0.95863,0.7297,0.80131,0.95631,0.45857,0.76907,0.38388,0.06828,0.085735,0.12825,0.078068,1,1
0.29283,0.17194,0.21758,0.23148,0.3335,0.27627,0.11651,0.15201,0.2614,0.28377,0.59865,0.69574,0.4128,0.52566,0.65712,0.48948,0.53029,0.51366,0.54889,0.61888,0.77829,0.34456,0.76157,0.38789,0.28533,0.071857,0.12824,0.09068,0,1
0.1229,0.13073,0.08412,0.095324,0.13603,0.092482,0.10849,0.052209,0.064985,0.11045,0.74574,0.29914,0.70481,0.71546,0.68838,0.67245,0.38,0.77206,0.54394,0.71431,0.83093,0.40929,0.71824,0.42695,0.18133,0.066953,0.12824,0.071511,0,1
0.10768,0.11984,0.12166,0.15858,0.1084,0.088967,0.098584,0.055881,0.12114,0.21943,0.86851,0.52504,0.5996,0.7865,0.82016,0.58458,0.49049,0.5756,0.52342,0.67882,0.8365,0.42427,0.75894,0.41643,0.30523,0.040081,0.12824,0.084678,0,1
0.21426,0.072166,0.2526,0.17243,0.30872,0.22221,0.061028,0.084115,0.30845,0.24927,0.57873,0.84548,0.47384,0.62082,0.71653,0.63746,0.6878,0.48626,0.66244,0.69964,0.83377,0.37438,0.67667,0.49311,0.16851,0.0045452,0.12824,0.041154,0,1
0.11096,0.14953,0.063082,0.11717,0.13664,0.097613,0.14972,0.093233,0.10551,0.17602,0.70939,0.42967,0.62234,0.57332,0.6281,0.56082,0.4662,0.58583,0.50455,0.66844,0.79758,0.41495,0.80881,0.42437,0.17929,0.029281,0.12824,0.095881,0,1
0.22026,0.20793,0.12564,0.15358,0.18548,0.19725,0.16869,0.1273,0.11556,0.15246,0.5864,0.40619,0.61719,0.59679,0.70903,0.64354,0.37246,0.71233,0.50824,0.67336,0.84846,0.33128,0.81477,0.26396,0.29735,0.21245,0.12824,0.1552,0,1
0.13711,0.15886,0.12553,0.11134,0.12543,0.10732,0.13136,0.072742,0.09029,0.10929,0.6052,0.53746,0.62264,0.76166,0.76679,0.65879,0.44364,0.61626,0.57676,0.66379,0.86712,0.37791,0.77797,0.41549,0.24135,0.067429,0.12824,0.093694,0,1
0.29305,0.14496,0.1915,0.20881,0.24555,0.23973,0.13119,0.1498,0.17312,0.23783,0.7064,0.56518,0.62095,0.59725,0.67049,0.6416,0.44541,0.7079,0.65146,0.68209,0.6403,0.36588,0.70416,0.3984,0.26436,0.060975,0.12825,0.087934,0,1
0.12327,0.14635,0.073876,0.068957,0.10472,0.087802,0.12194,0.050575,0.12546,0.14514,0.69323,0.31045,0.77617,0.75238,0.76155,0.69064,0.40181,0.71306,0.56998,0.61795,0.87307,0.42153,0.71875,0.31693,0.28914,0.10514,0.12824,0.0881,1,1
0.32256,0.074632,0.30762,0.2703,0.38104,0.26955,0.062488,0.18702,0.38599,0.31584,0.5695,0.80081,0.45519,0.67652,0.68474,0.52326,0.69061,0.53293,0.64459,0.6916,0.80566,0.3351,0.72822,0.47722,0.19953,0.015178,0.12824,0.05626,0,1
-0.0067507,-0.0027097,-0.0014468,-0.0023393,-0.0072555,-0.0053321,0.0052919,-0.00067099,-0.0023361,-0.0064232,0.99777,0.010506,0.99794,0.98875,0.98903,0.98778,0.23894,0.99923,0.9448,0.96205,0.99033,0.47218,0.94665,0.13419,0.01665,0.043243,0.12825,0.094637,1,1
0.015317,0.046371,0.011827,0.014354,0.022085,0.0077723,0.055427,0.020466,0.011414,0.022392,0.88677,0.10617,0.91695,0.82995,0.78481,0.81606,0.33072,0.90137,0.70816,0.76972,0.89054,0.41081,0.79135,0.31125,0.11508,0.1408,0.12825,0.10985,1,1
0.21203,0.22719,0.15933,0.21218,0.21516,0.1777,0.163,0.12892,0.19356,0.18726,0.59505,0.46491,0.43392,0.55003,0.61645,0.61463,0.51717,0.61926,0.57979,0.7435,0.80115,0.38528,0.72839,0.42776,0.23031,0.068147,0.12824,0.061066,0,1
0.19037,0.15852,0.1646,0.20723,0.25844,0.21444,0.099224,0.1186,0.21497,0.23157,0.61903,0.6387,0.41519,0.53779,0.64669,0.62167,0.57826,0.64353,0.64411,0.65233,0.8294,0.38122,0.76045,0.41505,0.26893,0.043792,0.12824,0.058588,0,1
-0.0056664,0.0076541,-0.00095642,-0.0015745,-0.0061111,-0.0045556,0.012135,0.00049289,-0.0020364,-0.0037639,0.97917,0.055956,0.98133,0.92591,0.95749,0.92335,0.31683,0.9865,0.78079,0.75826,0.96618,0.4692,0.74839,0.37696,0.023807,0.081017,0.12824,0.059978,1,1
0.26887,0.094094,0.30223,0.30064,0.37498,0.26271,0.082122,0.21693,0.30829,0.32705,0.56466,0.75438,0.5009,0.54384,0.61141,0.5925,0.61017,0.61203,0.63685,0.72946,0.79357,0.35895,0.71569,0.46796,0.19425,0.038088,0.12824,0.067341,0,1
0.13758,0.14549,0.050951,0.099038,0.13348,0.088174,0.099474,0.040118,0.11742,0.11007,0.70079,0.43044,0.67259,0.72514,0.79581,0.54786,0.41663,0.6291,0.51196,0.68377,0.92704,0.46023,0.70914,0.5244,0.19319,0.0034706,0.12824,0.045566,0,1
0.037039,0.090541,0.034683,0.038716,0.069566,0.039063,0.082066,0.023934,0.02964,0.093914,0.80929,0.30682,0.83348,0.8219,0.8512,0.7076,0.30505,0.87863,0.7591,0.59431,0.91953,0.43771,0.75043,0.44282,0.20285,0.073096,0.12824,0.069397,0,1
0.21773,0.19494,0.28474,0.281,0.32037,0.26544,0.13828,0.17104,0.23626,0.31095,0.55177,0.57728,0.60065,0.58937,0.69903,0.48978,0.48909,0.46926,0.49921,0.64762,0.72459,0.33751,0.81018,0.34195,0.28533,0.10667,0.12824,0.11702,1,1
0.2075,0.081036,0.28288,0.23628,0.24569,0.23152,0.061823,0.1645,0.32094,0.26604,0.69196,0.76067,0.49384,0.56415,0.582,0.62174,0.6186,0.56396,0.65326,0.70234,0.84247,0.37527,0.63879,0.49136,0.21536,0.0097143,0.12824,0.048439,0,1
0.33945,0.12277,0.26453,0.21221,0.31577,0.2728,0.082812,0.18709,0.31091,0.30786,0.65665,0.69614,0.44572,0.56077,0.61402,0.44948,0.60033,0.58396,0.57019,0.66409,0.74369,0.38698,0.73036,0.44774,0.21045,0.0082162,0.12824,0.048094,0,1
0.17977,0.13643,0.15966,0.17151,0.20823,0.13562,0.094183,0.096224,0.14568,0.17102,0.65232,0.71474,0.61244,0.69717,0.83086,0.67539,0.51301,0.6511,0.58783,0.7177,0.8926,0.4133,0.63469,0.48924,0.19419,0.0042677,0.12824,0.039146,0,1
0.35523,0.067239,0.382,0.34877,0.37332,0.37049,0.056473,0.29302,0.40785,0.30368,0.55391,0.75155,0.44801,0.62972,0.74579,0.57103,0.64793,0.6107,0.66157,0.71761,0.85255,0.40216,0.83361,0.40491,0.24362,0.027453,0.12825,0.077441,0,1
0.32394,0.070071,0.34523,0.32331,0.36902,0.30537,0.045095,0.26079,0.33135,0.31911,0.58984,0.80691,0.3956,0.5542,0.72461,0.61857,0.70363,0.51366,0.57868,0.75229,0.79365,0.33504,0.68783,0.46721,0.19105,0.023503,0.12824,0.054646,0,1
0.24435,0.085956,0.3452,0.29594,0.32853,0.27434,0.07637,0.14403,0.27258,0.31892,0.63366,0.70341,0.44053,0.63933,0.67736,0.49796,0.50732,0.63756,0.562,0.57055,0.74496,0.35822,0.77351,0.39598,0.20718,0.055885,0.12824,0.044214,0,1
0.072203,0.11643,0.023402,0.045472,0.053005,0.067268,0.09422,0.052865,0.020004,0.032645,0.74884,0.17972,0.83302,0.78975,0.69512,0.77664,0.22008,0.83533,0.65329,0.69079,0.83142,0.39733,0.78104,0.17662,0.26837,0.2296,0.12824,0.13084,1,1
0.22471,0.12899,0.23752,0.21351,0.28281,0.27562,0.073333,0.11394,0.24791,0.2584,0.52394,0.64685,0.43147,0.62393,0.70021,0.54175,0.44527,0.53366,0.54475,0.63547,0.82663,0.38333,0.72868,0.50045,0.21502,0.018552,0.12825,0.057655,0,1
0.27605,0.13746,0.26477,0.21244,0.28252,0.28487,0.10593,0.15164,0.19135,0.24954,0.55839,0.63307,0.36519,0.57264,0.63181,0.53181,0.56215,0.5101,0.48328,0.69898,0.89032,0.39504,0.71719,0.4753,0.22955,0.016042,0.12824,0.057154,0,1
0.2736,0.085142,0.29803,0.3002,0.28551,0.22756,0.058498,0.18513,0.28222,0.23811,0.59049,0.72362,0.49888,0.47759,0.6464,0.68827,0.62488,0.55873,0.62737,0.7843,0.82948,0.3715,0.65771,0.45497,0.18096,0.015108,0.12825,0.047001,0,1
0.28746,0.18925,0.24346,0.2753,0.29143,0.25951,0.11751,0.16781,0.20452,0.27009,0.53802,0.63934,0.45262,0.58633,0.64821,0.48968,0.45618,0.52953,0.41473,0.57109,0.74897,0.38214,0.68302,0.41687,0.29441,0.053048,0.12824,0.084576,0,1
0.16766,0.11279,0.14691,0.15585,0.2102,0.18612,0.096994,0.07528,0.15451,0.21116,0.60702,0.67162,0.57715,0.69513,0.77246,0.5314,0.51901,0.5163,0.49381,0.67333,0.83025,0.40724,0.75484,0.49195,0.26513,0.011885,0.12824,0.071273,0,1
0.12763,0.16761,0.074869,0.11791,0.10238,0.09883,0.11984,0.14436,0.084605,0.1395,0.85509,0.2346,0.79462,0.75056,0.6823,0.80468,0.41188,0.90233,0.69961,0.75295,0.81193,0.40673,0.76045,0.21666,0.33678,0.18539,0.12824,0.18625,1,1
0.036457,0.055806,0.033521,0.038795,0.037323,0.021902,0.078219,0.052808,0.034929,0.048964,0.86659,0.25409,0.8544,0.88591,0.82721,0.81296,0.39583,0.91113,0.73945,0.73087,0.88613,0.39073,0.83078,0.34841,0.29281,0.087921,0.12825,0.15532,1,1
0.3046,0.089166,0.31171,0.27186,0.33076,0.24069,0.065141,0.20607,0.42385,0.30692,0.59659,0.74641,0.39079,0.43459,0.6212,0.60491,0.69023,0.49816,0.62827,0.7399,0.79375,0.30949,0.68428,0.4463,0.23797,0.030564,0.12825,0.066768,0,1
0.20496,0.074344,0.28872,0.23731,0.27889,0.21657,0.058341,0.1808,0.31414,0.22343,0.5945,0.74225,0.48305,0.57097,0.61267,0.5976,0.59049,0.54673,0.61237,0.7372,0.8108,0.32434,0.73457,0.44297,0.19225,0.012092,0.12824,0.068532,0,1
0.18633,0.14513,0.11249,0.11272,0.19094,0.18523,0.1005,0.055079,0.16497,0.12227,0.51546,0.60996,0.60005,0.59855,0.56584,0.59199,0.49176,0.58103,0.51376,0.67498,0.86655,0.42396,0.71796,0.4575,0.23769,0.024959,0.12824,0.079686,0,1
0.1052,0.11307,0.073664,0.13551,0.11679,0.086049,0.13208,0.075287,0.08612,0.11286,0.71724,0.34798,0.73695,0.6992,0.72845,0.65412,0.36262,0.77456,0.62701,0.67009,0.88861,0.4077,0.75313,0.35733,0.23406,0.1056,0.12824,0.078957,0,1
0.077437,0.11638,0.071111,0.081271,0.12387,0.070633,0.13535,0.038584,0.085704,0.088985,0.66836,0.31476,0.72676,0.80688,0.68623,0.64674,0.31899,0.53343,0.57832,0.61741,0.80193,0.43607,0.76459,0.43999,0.19395,0.031196,0.12824,0.059015,0,1
-0.00040059,0.020505,0.0029505,0.0032707,0.0005446,-0.000108,0.032085,0.0053673,0.0027904,0.0023583,0.96843,0.056948,0.97394,0.92684,0.92377,0.90109,0.25756,0.98657,0.79441,0.84598,0.93841,0.44848,0.90039,0.26443,0.073181,0.077277,0.12824,0.11496,1,1
0.0799,0.10812,0.041898,0.085896,0.089383,0.075416,0.081451,0.041795,0.073577,0.09555,0.85496,0.3355,0.78861,0.73031,0.73474,0.74736,0.45834,0.7258,0.65716,0.75316,0.87525,0.43695,0.83331,0.28647,0.28258,0.07526,0.12824,0.075366,0,1
0.23673,0.20458,0.27038,0.22701,0.29808,0.22987,0.14132,0.16076,0.20501,0.23743,0.5443,0.62044,0.60703,0.66906,0.75429,0.55594,0.43596,0.55426,0.57832,0.62509,0.81993,0.37793,0.78083,0.36982,0.31521,0.058138,0.12824,0.10167,0,1
0.015695,0.064796,0.018981,0.017064,0.023614,0.012673,0.08613,0.028719,0.012314,0.04312,0.87616,0.11511,0.8987,0.80772,0.74866,0.81633,0.27233,0.8894,0.64888,0.54637,0.8974,0.42835,0.80105,0.34137,0.1206,0.091906,0.12824,0.08792,1,1
0.32519,0.074449,0.37811,0.28344,0.29336,0.25731,0.062652,0.16932,0.29207,0.25915,0.65676,0.74444,0.55279,0.64504,0.68713,0.6162,0.63599,0.5568,0.68425,0.66979,0.84492,0.37625,0.7029,0.48298,0.20021,0.024266,0.12824,0.045995,0,1
0.20149,0.12926,0.18278,0.16879,0.22678,0.18658,0.11388,0.092265,0.17673,0.16818,0.56545,0.75323,0.59047,0.63668,0.70618,0.5957,0.59325,0.5821,0.60469,0.64033,0.85916,0.40736,0.71701,0.49977,0.20367,0.0076775,0.12824,0.047404,0,1
0.2932,0.17415,0.28927,0.32138,0.27241,0.23495,0.12997,0.18492,0.20914,0.2736,0.61549,0.53256,0.42463,0.57088,0.60761,0.54436,0.49474,0.54726,0.46828,0.63958,0.70891,0.36209,0.65809,0.42972,0.31114,0.028071,0.12824,0.0886,0,1
0.079637,0.13576,0.13106,0.16519,0.16599,0.079752,0.079939,0.054896,0.10245,0.13265,0.64506,0.63998,0.62718,0.64835,0.79269,0.48427,0.43496,0.65346,0.54358,0.54019,0.92249,0.44035,0.60863,0.50416,0.22843,0.015314,0.12824,0.070014,0,1
0.14991,0.17047,0.17847,0.17839,0.15242,0.1338,0.14081,0.080884,0.14578,0.18323,0.51766,0.4881,0.64812,0.59882,0.62041,0.47005,0.40756,0.55683,0.42451,0.62944,0.81548,0.3739,0.68385,0.4421,0.20055,0.035984,0.12824,0.082379,0,1
0.22696,0.17047,0.15029,0.2279,0.25595,0.19387,0.13755,0.073216,0.14308,0.2437,0.50119,0.6564,0.59425,0.65759,0.61671,0.49408,0.5235,0.51516,0.50968,0.62764,0.81884,0.40661,0.72487,0.43465,0.28517,0.019063,0.12824,0.059847,0,1
0.24576,0.093712,0.23433,0.26428,0.28305,0.19414,0.075816,0.11943,0.24711,0.24443,0.6263,0.69057,0.55818,0.55988,0.66971,0.63276,0.5527,0.565,0.56812,0.63709,0.87133,0.39599,0.64093,0.49216,0.23927,0.0058856,0.12824,0.028138,0,1
0.15822,0.13582,0.12329,0.13201,0.15504,0.18011,0.14567,0.062215,0.10784,0.17642,0.70458,0.5473,0.50942,0.59336,0.6207,0.57681,0.3717,0.58496,0.44734,0.58636,0.81781,0.43971,0.75745,0.43063,0.24262,0.027463,0.12824,0.055924,0,1
0.23502,0.12164,0.21177,0.22222,0.26059,0.19711,0.08459,0.13692,0.2248,0.23064,0.66916,0.69313,0.51862,0.63555,0.6927,0.66337,0.55568,0.44103,0.6466,0.72535,0.8815,0.40505,0.66074,0.48659,0.19321,0.0039324,0.12824,0.037133,0,1
0.24069,0.10262,0.21495,0.29681,0.2632,0.17876,0.074372,0.12753,0.29506,0.25869,0.6535,0.72359,0.49451,0.56846,0.72709,0.63933,0.54789,0.59553,0.64213,0.72007,0.80728,0.33259,0.64289,0.45213,0.19203,0.0066648,0.12824,0.051424,0,1
0.32968,0.13452,0.38922,0.35382,0.41839,0.28032,0.093667,0.26284,0.3188,0.30841,0.52365,0.70787,0.31745,0.53847,0.6663,0.57006,0.6151,0.5463,0.53662,0.6136,0.79238,0.29179,0.73126,0.43811,0.30012,0.033656,0.12825,0.063681,0,1
0.014725,0.077308,0.011798,0.026604,0.035127,0.024814,0.052833,0.024937,0.022135,0.03364,0.88326,0.19232,0.88405,0.74531,0.81701,0.81282,0.42112,0.8617,0.75904,0.78415,0.85668,0.43872,0.8358,0.26055,0.10908,0.080699,0.12826,0.10002,1,1
0.25951,0.14553,0.22914,0.25209,0.314,0.25937,0.10533,0.15442,0.26832,0.26514,0.57686,0.6798,0.46228,0.54951,0.69013,0.57958,0.52622,0.58846,0.60097,0.66499,0.83132,0.40357,0.68303,0.43818,0.26483,0.037834,0.12824,0.065232,0,1
0.2569,0.19571,0.22108,0.23654,0.32865,0.21331,0.13343,0.2022,0.21886,0.22376,0.5431,0.51006,0.58082,0.74342,0.61733,0.63025,0.41202,0.67403,0.63448,0.5974,0.74396,0.3267,0.78138,0.30579,0.29423,0.17247,0.12824,0.12724,1,1
0.0045038,0.040925,0.0068984,0.01013,0.0068825,0.010648,0.060632,0.019017,0.0052076,0.012307,0.87539,0.13608,0.88072,0.8123,0.83314,0.75731,0.40775,0.8944,0.62548,0.76315,0.94455,0.45268,0.84388,0.39191,0.12237,0.050306,0.12824,0.076537,1,1
0.2375,0.17485,0.18283,0.20586,0.21995,0.20096,0.12544,0.099533,0.15581,0.21687,0.64468,0.51414,0.63568,0.50168,0.68385,0.62171,0.42963,0.64433,0.58276,0.69853,0.83581,0.39856,0.75263,0.45873,0.29405,0.09243,0.12824,0.095551,0,1
0.026427,0.06071,0.046489,0.053757,0.079772,0.034273,0.052929,0.068453,0.074018,0.037967,0.90736,0.18524,0.80405,0.87919,0.86789,0.80701,0.43051,0.91787,0.76861,0.75523,0.91456,0.40224,0.85574,0.24735,0.15815,0.10746,0.12825,0.15211,1,1
0.11137,0.081808,0.10998,0.093238,0.12824,0.1235,0.074357,0.045136,0.10802,0.15084,0.69067,0.56705,0.6111,0.69948,0.73445,0.5751,0.46532,0.6708,0.59494,0.66781,0.88713,0.41526,0.70017,0.45689,0.19181,0.013949,0.12824,0.035295,0,1
0.059468,0.13984,0.01489,0.033375,0.043189,0.018317,0.092745,0.035257,0.022698,0.050499,0.84999,0.36794,0.7721,0.87826,0.88891,0.73577,0.47012,0.87677,0.70279,0.72145,0.93767,0.41697,0.79995,0.37294,0.22223,0.072483,0.12824,0.10461,1,1
0.25907,0.098916,0.2678,0.27895,0.2807,0.23027,0.063255,0.18222,0.25892,0.2521,0.606,0.70158,0.52595,0.64479,0.63048,0.5717,0.50367,0.5384,0.55774,0.68008,0.77158,0.33371,0.67282,0.4787,0.23222,0.019846,0.12824,0.062738,0,1
0.15066,0.15067,0.18551,0.16657,0.184,0.18374,0.08682,0.10505,0.12267,0.14174,0.62143,0.64264,0.58112,0.50548,0.68679,0.65756,0.49059,0.5463,0.54598,0.61192,0.82043,0.41919,0.81055,0.44088,0.27557,0.016455,0.12824,0.058286,0,1
0.20731,0.16537,0.20249,0.21573,0.23321,0.17679,0.11519,0.091152,0.16849,0.17759,0.621,0.70483,0.47149,0.61583,0.74678,0.54549,0.51571,0.57926,0.61981,0.7033,0.79927,0.37419,0.72335,0.47511,0.20911,0.036233,0.12824,0.0382,0,1
0.096185,0.15402,0.083094,0.11992,0.091056,0.12169,0.13319,0.083324,0.056023,0.11076,0.61725,0.38524,0.75858,0.70608,0.75517,0.666,0.41853,0.6997,0.61249,0.57403,0.8199,0.36229,0.82017,0.21392,0.38392,0.15223,0.12824,0.11801,1,1
0.27015,0.15675,0.21765,0.24449,0.30691,0.22075,0.1394,0.17987,0.22637,0.27858,0.53636,0.53954,0.53743,0.6088,0.59917,0.48567,0.46558,0.6042,0.52693,0.65155,0.80219,0.34972,0.77835,0.40008,0.29808,0.10155,0.12824,0.070282,0,1
0.31363,0.099804,0.31588,0.27464,0.34232,0.28571,0.060094,0.22666,0.32667,0.34388,0.605,0.78082,0.36739,0.57734,0.72553,0.63713,0.64817,0.53656,0.62809,0.72352,0.77221,0.35938,0.73424,0.46971,0.20911,0.021017,0.12824,0.055428,0,1
0.092594,0.18226,0.061135,0.12468,0.11144,0.12904,0.10216,0.09348,0.078307,0.11741,0.7093,0.42367,0.78107,0.75942,0.79507,0.62047,0.53352,0.7674,0.69748,0.69226,0.89591,0.41177,0.8132,0.26882,0.29232,0.18926,0.12825,0.13715,1,1
0.23414,0.19845,0.17085,0.27227,0.23953,0.21885,0.13319,0.13846,0.2356,0.27644,0.57005,0.59434,0.50309,0.61984,0.60057,0.59036,0.47522,0.52803,0.54712,0.5086,0.7192,0.41597,0.74902,0.39691,0.29976,0.019782,0.12824,0.083132,0,1
-0.0061442,-0.00062405,-0.0013745,-0.002184,-0.007039,-0.0051846,0.0070321,-0.00022491,-0.0021905,-0.0058927,0.99555,0.024901,0.99018,0.98284,0.98297,0.96138,0.23254,0.99783,0.8845,0.92791,0.98472,0.48355,0.89417,0.35047,0.0083701,0.039169,0.12825,0.063992,1,1
0.19194,0.20761,0.2447,0.25377,0.25432,0.22835,0.19302,0.25041,0.22607,0.2719,0.70884,0.40376,0.54422,0.66671,0.63121,0.72389,0.4819,0.7293,0.57805,0.57763,0.81136,0.30571,0.76338,0.26222,0.38625,0.19434,0.12824,0.13625,1,1
-0.0054889,0.00035448,-0.00076766,-0.0017997,-0.0064095,-0.004462,0.01364,0.00054737,-0.0020318,-0.0051147,0.97865,0.017267,0.98533,0.96858,0.90023,0.89878,0.15767,0.97817,0.82534,0.58279,0.98208,0.46284,0.81463,0.43149,0.011314,0.081149,0.12825,0.026532,1,1
0.29651,0.13785,0.23652,0.22674,0.29542,0.27067,0.14758,0.14812,0.17463,0.25799,0.61354,0.62417,0.53364,0.58184,0.74369,0.51568,0.42536,0.60806,0.61882,0.72214,0.83528,0.37767,0.84103,0.39149,0.30832,0.043862,0.12825,0.11836,0,1
0.16779,0.097857,0.16593,0.16733,0.20151,0.13916,0.068521,0.082879,0.16519,0.16926,0.62325,0.78141,0.56154,0.68689,0.76107,0.65048,0.61233,0.52656,0.55729,0.68644,0.8866,0.41908,0.78058,0.49638,0.19141,0.00090182,0.12824,0.033444,0,1
0.21974,0.083658,0.28426,0.26818,0.27139,0.20638,0.044854,0.16353,0.26123,0.24377,0.61422,0.80238,0.46864,0.62238,0.70009,0.63533,0.6588,0.52053,0.67756,0.71443,0.85266,0.40425,0.76105,0.48489,0.1461,0.0036037,0.12824,0.028611,0,1
0.29262,0.095738,0.29574,0.27115,0.36062,0.27491,0.070689,0.21161,0.36683,0.31111,0.55177,0.72572,0.43784,0.6066,0.68112,0.5947,0.60535,0.55903,0.58522,0.7099,0.7856,0.29142,0.72966,0.40506,0.24434,0.048734,0.12825,0.07156,0,1
0.24276,0.18586,0.1825,0.26423,0.22811,0.20198,0.13647,0.15655,0.18073,0.28644,0.69301,0.51635,0.65499,0.69584,0.68038,0.60568,0.4432,0.6454,0.62083,0.60445,0.81977,0.33484,0.80531,0.2957,0.35855,0.1023,0.12824,0.080245,0,1
0.010154,0.055058,0.0095758,0.010416,0.015458,0.0068997,0.075832,0.0067624,0.0037637,0.0073944,0.85936,0.22172,0.92095,0.85694,0.89657,0.83919,0.28865,0.89883,0.77563,0.73156,0.94578,0.42443,0.7999,0.47177,0.074494,0.05449,0.12824,0.061562,1,1
0.23737,0.1674,0.18178,0.1534,0.23051,0.23181,0.10813,0.10234,0.13519,0.18279,0.66148,0.61895,0.56882,0.6631,0.66655,0.53337,0.50933,0.60763,0.44677,0.62635,0.84014,0.38196,0.80465,0.48643,0.25877,0.015469,0.12824,0.060964,0,1
0.35153,0.13909,0.28753,0.28984,0.36506,0.29895,0.10048,0.20113,0.25297,0.28912,0.61451,0.74902,0.47381,0.66278,0.72431,0.60809,0.62317,0.61553,0.69202,0.70261,0.77185,0.37383,0.75927,0.34568,0.30367,0.045248,0.12825,0.067594,1,1
0.16827,0.24861,0.092528,0.17957,0.17624,0.10863,0.12693,0.11784,0.13922,0.18856,0.68638,0.35424,0.79497,0.74181,0.77445,0.7315,0.41893,0.78646,0.63013,0.64603,0.73645,0.33626,0.74142,0.32268,0.32656,0.14102,0.12824,0.18849,1,1
0.21854,0.086431,0.22161,0.2076,0.25042,0.18352,0.068988,0.12736,0.24248,0.21455,0.62089,0.72127,0.54646,0.56548,0.68304,0.61536,0.57799,0.5164,0.58213,0.71926,0.82553,0.38411,0.75177,0.47256,0.20905,0.010176,0.12824,0.036379,0,1
0.079483,0.14965,0.1045,0.13182,0.13122,0.095566,0.14774,0.086427,0.090116,0.13085,0.7039,0.38556,0.52425,0.84611,0.6641,0.4838,0.44942,0.6464,0.58876,0.56446,0.79247,0.41369,0.81276,0.36156,0.30084,0.061709,0.12824,0.12135,0,1
0.052833,0.063659,0.055506,0.06223,0.043472,0.058396,0.084899,0.058016,0.03918,0.043434,0.84392,0.18972,0.91964,0.89159,0.8472,0.87174,0.33774,0.94403,0.7741,0.79786,0.82773,0.40104,0.86478,0.14831,0.28787,0.23299,0.12824,0.15542,1,1
0.19836,0.13263,0.14594,0.20702,0.28693,0.20737,0.1093,0.09843,0.26551,0.2413,0.65801,0.57939,0.55204,0.74639,0.79266,0.55047,0.45627,0.5672,0.50224,0.68233,0.82746,0.37309,0.77557,0.48038,0.24428,0.028589,0.12824,0.063958,0,1
0.004973,0.069486,0.002738,0.0038344,0.0023788,-0.00038139,0.04157,0.0039147,0.0030184,0.0037808,0.95809,0.16023,0.95721,0.93252,0.96891,0.88476,0.39551,0.97357,0.77347,0.86419,0.95355,0.4624,0.79257,0.3978,0.095801,0.035248,0.12824,0.084761,1,1
0.17289,0.16399,0.19894,0.23647,0.21702,0.22316,0.13445,0.10929,0.21043,0.25161,0.54059,0.49042,0.56789,0.64519,0.63378,0.53985,0.39934,0.53773,0.54667,0.50782,0.78146,0.37221,0.74935,0.41985,0.29236,0.057255,0.12824,0.087832,0,1
0.26721,0.16283,0.1693,0.224,0.26454,0.23883,0.17171,0.19366,0.18035,0.18756,0.57294,0.46366,0.6073,0.64655,0.68937,0.48624,0.441,0.63273,0.56053,0.54556,0.64995,0.37662,0.80292,0.25772,0.26531,0.098604,0.12824,0.12934,0,1
0.0047175,0.051497,0.0037117,0.0077331,-0.0011668,-0.00096958,0.035208,0.030908,0.0027164,0.010186,0.98402,0.089994,0.95624,0.93843,0.9592,0.89478,0.46169,0.9795,0.84028,0.85813,0.96491,0.44617,0.87221,0.19483,0.1535,0.071996,0.12824,0.15787,1,1
0.010253,0.025317,0.0010541,0.0073228,-0.0015077,-0.00040915,0.020835,0.018927,0.0030157,0.0083087,0.97931,0.055761,0.97345,0.96232,0.93429,0.90222,0.28502,0.9881,0.8671,0.9016,0.95329,0.46686,0.8666,0.25396,0.10577,0.098529,0.12825,0.11205,1,1
0.25205,0.15333,0.23392,0.25455,0.30004,0.1942,0.095463,0.15573,0.20983,0.27973,0.63439,0.67711,0.48634,0.64136,0.73141,0.58315,0.5267,0.60543,0.54703,0.64861,0.77862,0.32226,0.76788,0.43421,0.30595,0.044979,0.12824,0.060498,0,1
0.19121,0.14755,0.13937,0.18949,0.24383,0.13843,0.12066,0.076887,0.15404,0.23719,0.65838,0.60039,0.57772,0.54114,0.62178,0.65646,0.45516,0.58863,0.60841,0.66526,0.74553,0.37997,0.74468,0.41953,0.27248,0.031262,0.12824,0.065485,0,1
0.25667,0.072143,0.2517,0.37025,0.32704,0.20256,0.062024,0.15117,0.35576,0.2672,0.54105,0.76776,0.42648,0.53999,0.64549,0.58779,0.6685,0.53646,0.68413,0.70495,0.7966,0.35959,0.70017,0.46196,0.19177,0.025601,0.12824,0.044277,0,1
0.30748,0.13014,0.34874,0.32057,0.37765,0.31855,0.081309,0.2626,0.37508,0.31721,0.45919,0.74521,0.4143,0.58634,0.59526,0.59423,0.67247,0.48349,0.59563,0.68077,0.72394,0.26772,0.6837,0.4211,0.28639,0.076852,0.12825,0.08253,0,1
0.17017,0.18742,0.091108,0.1607,0.13265,0.10464,0.14696,0.099803,0.15077,0.16005,0.73946,0.30997,0.65142,0.59628,0.68123,0.70226,0.35593,0.68376,0.66652,0.58669,0.81864,0.4027,0.80369,0.2828,0.3478,0.14097,0.12824,0.12535,1,1
0.16845,0.14269,0.13951,0.16299,0.18002,0.11617,0.077165,0.10405,0.16304,0.15028,0.62748,0.60663,0.61925,0.5601,0.76647,0.64067,0.51021,0.5883,0.63955,0.74761,0.82855,0.38085,0.83564,0.42378,0.21825,0.022666,0.12824,0.059011,0,1
0.12462,0.124,0.056563,0.14387,0.12563,0.12108,0.11027,0.05544,0.11969,0.15066,0.71911,0.49626,0.56955,0.65519,0.66875,0.61707,0.41818,0.62463,0.5431,0.69208,0.82293,0.43709,0.79895,0.42588,0.18696,0.028776,0.12824,0.05449,0,1
0.11241,0.19814,0.094188,0.096394,0.10907,0.079484,0.13039,0.13193,0.06057,0.13114,0.68443,0.35904,0.70375,0.74161,0.70619,0.68767,0.44354,0.83123,0.65272,0.6616,0.82445,0.39005,0.77876,0.34944,0.29264,0.15338,0.12824,0.12278,1,1
0.090911,0.14792,0.11735,0.080291,0.12466,0.12278,0.12839,0.053692,0.059022,0.086062,0.63053,0.4346,0.76379,0.77307,0.76518,0.52433,0.38689,0.67863,0.44572,0.65752,0.84428,0.40577,0.78753,0.3423,0.22773,0.14794,0.12824,0.075113,0,1
0.3063,0.11665,0.33158,0.25552,0.31933,0.25561,0.099601,0.17251,0.33861,0.35153,0.65827,0.72122,0.58699,0.54524,0.69931,0.66006,0.60196,0.64726,0.64891,0.70372,0.79942,0.30702,0.75699,0.4218,0.29024,0.055001,0.12824,0.10181,0,1
0.030091,0.090109,0.016881,0.016944,0.021225,0.031904,0.052332,0.035413,0.021788,0.013703,0.94527,0.15286,0.91724,0.92696,0.91189,0.89711,0.39661,0.9673,0.75943,0.82564,0.93737,0.41145,0.91065,0.17908,0.22456,0.15683,0.12824,0.15953,1,1
0.21423,0.1238,0.1662,0.27272,0.22661,0.17632,0.10113,0.15284,0.25062,0.25543,0.72612,0.53077,0.51907,0.55059,0.58917,0.67619,0.40763,0.57476,0.67375,0.59146,0.86501,0.36047,0.71123,0.44005,0.22001,0.02082,0.12824,0.051637,0,1
0.031981,0.10622,0.030553,0.042342,0.024455,0.0262,0.11472,0.046186,0.025243,0.036109,0.88951,0.19584,0.88845,0.78977,0.79198,0.86063,0.36751,0.88853,0.72556,0.79828,0.77706,0.38014,0.79461,0.23139,0.24236,0.13807,0.12824,0.13178,1,1
0.15537,0.23098,0.19476,0.20385,0.25967,0.20987,0.17816,0.18118,0.26431,0.24297,0.68762,0.4837,0.66902,0.74431,0.60806,0.54129,0.52978,0.78003,0.56773,0.68785,0.74208,0.39662,0.80369,0.32461,0.36921,0.12375,0.12824,0.13648,1,1
0.28492,0.077507,0.33193,0.33527,0.33855,0.26796,0.05253,0.15415,0.37306,0.30252,0.5838,0.80657,0.42058,0.63082,0.7316,0.60308,0.70082,0.5618,0.63613,0.70609,0.81771,0.29129,0.70633,0.47128,0.19544,0.010249,0.12824,0.080804,0,1
0.2462,0.25365,0.19388,0.26397,0.27512,0.21858,0.14413,0.11799,0.20307,0.2428,0.45623,0.40566,0.53479,0.60852,0.6487,0.52256,0.38971,0.5937,0.56629,0.71665,0.73047,0.3752,0.79657,0.33405,0.31559,0.10557,0.12824,0.12845,1,1
0.11742,0.16974,0.10264,0.096977,0.1101,0.084993,0.12184,0.090495,0.099004,0.17267,0.56565,0.38135,0.65812,0.64052,0.60746,0.59667,0.38401,0.59943,0.50095,0.65809,0.82514,0.40245,0.60626,0.46527,0.24512,0.035423,0.12824,0.062179,0,1
0.14494,0.19913,0.064119,0.12359,0.083516,0.060911,0.1717,0.051153,0.063853,0.14935,0.77878,0.39222,0.70307,0.68691,0.73177,0.66837,0.33421,0.68603,0.72397,0.65233,0.76668,0.43025,0.77638,0.35189,0.3189,0.10919,0.12824,0.13,0,1
0.00060567,0.030851,0.00076453,0.0025026,-0.0030757,-0.0012482,0.035091,0.011926,0.00083249,0.0054772,0.95285,0.061857,0.96836,0.93554,0.94457,0.92008,0.29637,0.98417,0.88492,0.89245,0.94458,0.44062,0.92721,0.24748,0.093236,0.065866,0.12825,0.10269,1,1
0.32232,0.16694,0.18018,0.20942,0.28562,0.17893,0.11497,0.11973,0.22905,0.23965,0.603,0.54879,0.64075,0.59623,0.43458,0.66237,0.45102,0.63623,0.55471,0.6154,0.6531,0.36588,0.73577,0.31946,0.23622,0.242,0.12824,0.11325,0,1
0.050698,0.11217,0.017571,0.019301,0.066716,0.034204,0.068438,0.025261,0.030582,0.03612,0.77418,0.43479,0.76118,0.80269,0.82467,0.6662,0.40592,0.80463,0.53434,0.6406,0.87977,0.43144,0.78864,0.44974,0.15628,0.12297,0.12824,0.089402,0,1
0.16983,0.12499,0.20806,0.14286,0.24339,0.15489,0.089971,0.11686,0.22553,0.22136,0.74396,0.72847,0.55286,0.66662,0.73165,0.70813,0.58817,0.56823,0.67054,0.67771,0.85673,0.41566,0.70514,0.51944,0.24891,0.0055545,0.12824,0.047492,0,1
0.15324,0.16667,0.077297,0.14482,0.25842,0.12471,0.1562,0.073271,0.11306,0.1879,0.6757,0.49023,0.52347,0.64395,0.52898,0.52376,0.36316,0.61856,0.55099,0.59287,0.72873,0.37278,0.69709,0.38986,0.27753,0.13672,0.12824,0.083176,0,1
0.23644,0.20024,0.19617,0.24488,0.25656,0.17846,0.14806,0.16368,0.22433,0.21081,0.68034,0.37223,0.70462,0.6758,0.67595,0.64838,0.45443,0.72253,0.54094,0.66793,0.73815,0.36095,0.80504,0.24767,0.38823,0.1557,0.12824,0.19542,1,1
0.23168,0.15385,0.31409,0.27716,0.2695,0.17914,0.084531,0.16905,0.25604,0.31848,0.64565,0.5953,0.49035,0.59812,0.61312,0.60558,0.4812,0.61626,0.60523,0.66895,0.80076,0.36013,0.79364,0.4638,0.28751,0.031473,0.12824,0.074918,0,1
0.28261,0.14262,0.26398,0.25968,0.33922,0.22855,0.068048,0.16751,0.3385,0.28228,0.64069,0.73839,0.47091,0.59482,0.71072,0.60965,0.62228,0.5723,0.54967,0.72565,0.80875,0.3633,0.74244,0.49164,0.20187,0.018349,0.12824,0.046204,0,1
0.3407,0.12023,0.34425,0.31904,0.36326,0.27719,0.076856,0.25937,0.37538,0.36011,0.52828,0.71101,0.40495,0.50726,0.70934,0.57661,0.5225,0.63163,0.57547,0.67312,0.77416,0.38646,0.71608,0.47268,0.22534,0.034237,0.12825,0.0658,0,1
0.20147,0.14533,0.21018,0.2407,0.26221,0.22429,0.091647,0.1044,0.25827,0.25282,0.70668,0.54391,0.60646,0.7286,0.61666,0.62698,0.49634,0.6225,0.66346,0.71236,0.73925,0.37713,0.68347,0.37347,0.28016,0.11635,0.12824,0.095147,0,1
0.24184,0.094698,0.17613,0.17361,0.20892,0.1734,0.064216,0.099705,0.13925,0.13286,0.58644,0.73625,0.58219,0.57453,0.78696,0.69181,0.58964,0.60106,0.65839,0.73837,0.89476,0.41712,0.78976,0.50056,0.23035,0.0022064,0.12824,0.0347,0,1
0.14104,0.16335,0.12741,0.12796,0.13877,0.11316,0.14427,0.087621,0.11,0.12952,0.66667,0.48554,0.68686,0.70943,0.67977,0.6437,0.40874,0.53913,0.49033,0.59833,0.84287,0.40272,0.78502,0.45433,0.2818,0.044844,0.12824,0.07033,0,1
0.16077,0.11394,0.14567,0.15458,0.21458,0.11179,0.070899,0.089179,0.18223,0.16172,0.61628,0.80494,0.55839,0.65563,0.76568,0.64608,0.61451,0.55173,0.59689,0.71713,0.86361,0.41176,0.69876,0.51598,0.17781,0.00058132,0.12824,0.034624,0,1
0.17842,0.11529,0.18711,0.19282,0.22077,0.17276,0.085595,0.12046,0.20861,0.21989,0.68504,0.73511,0.51747,0.59234,0.72665,0.618,0.55889,0.60643,0.60544,0.68956,0.79325,0.42101,0.74043,0.49063,0.20444,0.002529,0.12824,0.035696,0,1
0.09735,0.1289,0.092607,0.10103,0.12477,0.13305,0.11485,0.10173,0.065347,0.11588,0.78382,0.31823,0.82193,0.79353,0.83349,0.89227,0.50983,0.91227,0.76498,0.83953,0.80152,0.32634,0.86297,0.18386,0.33556,0.20942,0.12824,0.17109,1,1
-0.006851,-0.0044071,-0.0013293,-0.0023516,-0.0072084,-0.0054036,0.0026926,-0.0010612,-0.0023112,-0.0064989,0.99673,0.013493,0.99661,0.99258,0.98754,0.97253,0.24088,0.9988,0.8761,0.94069,0.98855,0.48207,0.87438,0.30126,-0.0019869,0.030274,0.12825,0.067458,1,1
0.10596,0.12592,0.10762,0.13926,0.15971,0.12612,0.12798,0.057522,0.18255,0.14171,0.59382,0.56137,0.60537,0.65732,0.71841,0.45967,0.46539,0.41979,0.51307,0.65488,0.84807,0.41197,0.77953,0.50087,0.20049,0.020121,0.12824,0.05572,0,1
0.22213,0.10271,0.1714,0.19825,0.24279,0.21362,0.070788,0.1305,0.26142,0.23365,0.64364,0.72834,0.51768,0.66794,0.73416,0.55908,0.63048,0.5941,0.52936,0.72529,0.836,0.40554,0.73133,0.48017,0.20786,0.011726,0.12824,0.064488,0,1
0.1696,0.17458,0.10409,0.12433,0.21767,0.17893,0.14167,0.11709,0.1416,0.12162,0.56232,0.40224,0.67559,0.6855,0.61389,0.57671,0.44041,0.6588,0.59911,0.63562,0.74422,0.35426,0.74403,0.2983,0.25272,0.10299,0.12824,0.12736,1,1
0.20039,0.17286,0.15679,0.15954,0.19904,0.17974,0.16901,0.079254,0.17975,0.25197,0.6285,0.50574,0.54612,0.61526,0.63911,0.40612,0.40512,0.5809,0.57259,0.64741,0.86031,0.4285,0.81444,0.43343,0.25284,0.038448,0.12824,0.09296,0,1
0.28574,0.13856,0.25602,0.27228,0.28558,0.24419,0.11203,0.18723,0.22749,0.28741,0.54333,0.70835,0.36925,0.47988,0.56861,0.43393,0.60264,0.53343,0.58246,0.62242,0.75866,0.40025,0.70301,0.47734,0.24019,0.011839,0.12824,0.063657,0,1
0.20639,0.11857,0.24136,0.22784,0.27801,0.20494,0.098389,0.11257,0.26504,0.27407,0.44402,0.70339,0.54851,0.65315,0.67606,0.40168,0.45494,0.55526,0.58681,0.57433,0.82416,0.30487,0.77363,0.46596,0.20606,0.05456,0.12824,0.076415,0,1
0.25458,0.12505,0.21936,0.229,0.29455,0.21485,0.081711,0.13995,0.26636,0.25126,0.63923,0.76603,0.48755,0.64213,0.76553,0.53408,0.60691,0.5441,0.54208,0.67732,0.79764,0.37906,0.73334,0.49199,0.22504,0.017174,0.12824,0.058029,0,1
0.21709,0.14336,0.19953,0.24436,0.29162,0.24021,0.081689,0.17074,0.22773,0.31715,0.64637,0.59589,0.58336,0.72366,0.68454,0.68597,0.50119,0.61616,0.66493,0.73051,0.83025,0.35502,0.78131,0.37725,0.28389,0.083956,0.12825,0.076547,0,1
0.053742,0.14781,0.041152,0.033388,0.085343,0.050801,0.12617,0.042917,0.059136,0.087256,0.80922,0.33694,0.83165,0.66657,0.78673,0.80388,0.41424,0.82453,0.63268,0.62194,0.8104,0.41025,0.69133,0.3017,0.2137,0.14938,0.12824,0.11469,1,1
0.31761,0.26408,0.27059,0.26909,0.37579,0.27343,0.16413,0.14494,0.29153,0.32308,0.53595,0.58312,0.44766,0.49517,0.53297,0.51555,0.50076,0.58923,0.5332,0.55804,0.70938,0.31449,0.77264,0.30604,0.37019,0.10805,0.12824,0.11677,0,1
0.21261,0.21948,0.17272,0.18765,0.25469,0.20283,0.11974,0.11499,0.17742,0.26547,0.57168,0.63571,0.55452,0.65605,0.6085,0.50313,0.48831,0.45979,0.54529,0.59797,0.82001,0.40478,0.68652,0.48581,0.25827,0.01389,0.12824,0.05971,0,1
0.22193,0.22853,0.20331,0.23708,0.26233,0.17299,0.14471,0.15077,0.25735,0.21562,0.53809,0.34971,0.66193,0.74079,0.72263,0.49155,0.41368,0.66383,0.55822,0.65155,0.63418,0.31132,0.80333,0.18659,0.36961,0.20036,0.12824,0.16668,1,1
0.24726,0.10332,0.27804,0.25029,0.3547,0.22365,0.075959,0.14469,0.27631,0.26548,0.5375,0.74867,0.44665,0.54597,0.67552,0.6421,0.57249,0.53996,0.61255,0.6877,0.80134,0.37927,0.76783,0.47153,0.19704,0.0094304,0.12824,0.039404,0,1
0.046316,0.10671,0.017916,0.023636,0.036111,0.044209,0.13278,0.011713,0.026241,0.056754,0.80906,0.18847,0.77057,0.71297,0.75087,0.642,0.2407,0.7189,0.52066,0.44701,0.87279,0.43239,0.73746,0.43911,0.10796,0.028501,0.12824,0.046772,0,1
0.25261,0.14324,0.20016,0.31862,0.27764,0.2032,0.092488,0.2266,0.20795,0.26469,0.60777,0.65946,0.462,0.61099,0.60119,0.55831,0.50521,0.53236,0.55801,0.68272,0.8137,0.36369,0.77583,0.39774,0.29419,0.092252,0.12825,0.088897,0,1
0.2106,0.13938,0.18398,0.23237,0.21285,0.22373,0.10019,0.18761,0.13671,0.20935,0.67102,0.55114,0.60411,0.71054,0.73897,0.7296,0.50954,0.6859,0.63601,0.69742,0.85177,0.35363,0.73416,0.37492,0.27332,0.048954,0.12824,0.088343,0,1
0.23793,0.073191,0.28443,0.24214,0.25913,0.27442,0.070887,0.094097,0.27235,0.20623,0.60365,0.67764,0.60013,0.59037,0.7219,0.56923,0.55752,0.59413,0.63841,0.66385,0.87096,0.35704,0.76741,0.47302,0.21311,0.032548,0.12824,0.048396,0,1
0.19419,0.22581,0.118,0.1394,0.22393,0.14595,0.11987,0.11875,0.19201,0.20503,0.67377,0.48757,0.56262,0.64517,0.65286,0.55277,0.41262,0.62496,0.5779,0.61771,0.76066,0.3967,0.62746,0.41065,0.24348,0.11987,0.12824,0.093222,0,1
0.27341,0.063445,0.31091,0.35469,0.34085,0.27459,0.046345,0.23971,0.35393,0.26409,0.63311,0.73737,0.50239,0.54298,0.6808,0.54372,0.69682,0.5317,0.57907,0.71233,0.86405,0.36033,0.67483,0.49033,0.20814,0.011932,0.12824,0.055467,0,1
0.23036,0.14346,0.21839,0.21138,0.26931,0.20613,0.091842,0.14715,0.2309,0.25431,0.61251,0.75723,0.46373,0.56528,0.72737,0.59346,0.57527,0.53796,0.58234,0.61135,0.8046,0.37848,0.68484,0.48746,0.21442,0.011853,0.12824,0.05661,0,1
0.16918,0.16441,0.11628,0.17497,0.2687,0.18461,0.13985,0.069977,0.1859,0.23462,0.61311,0.48573,0.5979,0.69833,0.60193,0.54229,0.3353,0.62996,0.62908,0.56404,0.74371,0.41248,0.74547,0.40528,0.29729,0.032188,0.12824,0.085597,0,1
0.20224,0.070632,0.20574,0.25456,0.24465,0.22248,0.066638,0.10117,0.21916,0.1655,0.65281,0.70885,0.52856,0.60442,0.60744,0.63957,0.58989,0.48563,0.56827,0.72472,0.87334,0.39731,0.71057,0.47783,0.20752,0.010283,0.12824,0.038868,0,1
0.23352,0.16929,0.22703,0.24943,0.21459,0.26891,0.17838,0.19252,0.26739,0.27469,0.73703,0.30296,0.76525,0.69737,0.59574,0.78027,0.36269,0.82606,0.59143,0.70585,0.61872,0.18001,0.8629,0.16843,0.46141,0.22806,0.12824,0.20701,1,1
0.005513,0.043052,0.0018219,0.0050858,0.0048437,0.0051609,0.021369,0.0045239,0.0051633,0.0051149,0.97433,0.084045,0.90802,0.91142,0.94537,0.86129,0.3557,0.9766,0.72634,0.77005,0.9771,0.44984,0.87176,0.30938,0.091243,0.12121,0.12824,0.083113,1,1
0.2064,0.16162,0.21924,0.21833,0.19823,0.15699,0.1173,0.14012,0.18632,0.18977,0.64203,0.60287,0.50039,0.71411,0.65054,0.51344,0.48541,0.59726,0.53962,0.63667,0.8029,0.34807,0.7396,0.41073,0.27152,0.041986,0.12824,0.076255,0,1
0.27136,0.23702,0.24184,0.26373,0.30213,0.24896,0.13366,0.17213,0.26644,0.29195,0.55633,0.64155,0.46245,0.60114,0.63202,0.52299,0.55209,0.5265,0.60862,0.6598,0.74024,0.32193,0.77175,0.28234,0.34862,0.14426,0.12824,0.11443,1,1
0.31264,0.10899,0.29724,0.28553,0.33634,0.31175,0.077888,0.18625,0.33447,0.31877,0.66098,0.73908,0.50679,0.64955,0.73195,0.57447,0.58265,0.58646,0.56656,0.71653,0.83511,0.37353,0.69707,0.45508,0.23067,0.015965,0.12824,0.077251,0,1
0.18623,0.18841,0.12984,0.23967,0.15629,0.22729,0.17733,0.10489,0.18081,0.27001,0.68775,0.49927,0.71183,0.60594,0.75607,0.68193,0.46697,0.68166,0.71119,0.7513,0.81654,0.37157,0.7478,0.2912,0.33506,0.20523,0.12824,0.16332,1,1
0.16141,0.19679,0.086994,0.12726,0.19664,0.19516,0.15902,0.12292,0.089076,0.16583,0.63519,0.43202,0.73036,0.63139,0.72063,0.62171,0.47597,0.71123,0.66382,0.62848,0.76193,0.37871,0.71577,0.28603,0.35085,0.10442,0.12825,0.16611,1,1
0.014275,0.058599,0.0055265,0.010541,0.0068477,0.0076334,0.047204,0.010306,0.0039204,0.02068,0.8874,0.14444,0.91766,0.84872,0.91291,0.75914,0.28124,0.93533,0.71635,0.76279,0.93292,0.44467,0.78819,0.41321,0.072247,0.091493,0.12825,0.076785,1,1
0.32311,0.06408,0.2181,0.22212,0.23074,0.2247,0.061016,0.1227,0.20833,0.21749,0.57578,0.63497,0.41555,0.65391,0.67947,0.58475,0.53741,0.58486,0.63325,0.75241,0.87041,0.4366,0.80575,0.48318,0.1971,0.0029874,0.12824,0.035757,0,1
0.21555,0.17277,0.1878,0.23913,0.25993,0.18669,0.1452,0.13604,0.22129,0.20717,0.53734,0.59045,0.68248,0.61296,0.6216,0.63359,0.51327,0.66536,0.55393,0.56383,0.73989,0.33751,0.75494,0.38406,0.34836,0.089008,0.12824,0.10958,0,1
0.1595,0.20662,0.14212,0.22638,0.18534,0.13264,0.14391,0.094054,0.14707,0.17786,0.53836,0.53629,0.5932,0.59767,0.62449,0.53197,0.50259,0.52996,0.58369,0.59467,0.75203,0.42014,0.78886,0.33876,0.29661,0.07502,0.12825,0.10583,0,1
0.25408,0.1566,0.25046,0.23733,0.3413,0.25156,0.13752,0.17952,0.28026,0.25056,0.61243,0.59821,0.4609,0.62481,0.60479,0.60565,0.53906,0.62423,0.66193,0.61813,0.70101,0.3753,0.77707,0.43323,0.27423,0.10071,0.12824,0.10458,0,1
0.0011971,0.035904,0.00099951,0.0019133,-0.001686,-0.00084842,0.018261,0.0052701,0.0015518,0.0042996,0.97551,0.17565,0.95976,0.95038,0.96891,0.9304,0.42333,0.97553,0.89149,0.93175,0.97469,0.47899,0.83932,0.26966,0.10378,0.04946,0.12824,0.065402,1,1
0.20079,0.17889,0.14256,0.15385,0.1835,0.15041,0.12849,0.13488,0.19341,0.23399,0.63049,0.63161,0.58019,0.61855,0.66674,0.56696,0.44765,0.5995,0.49996,0.59908,0.71721,0.38217,0.7047,0.44518,0.31445,0.02804,0.12824,0.060678,0,1
0.28847,0.10597,0.26396,0.2459,0.28923,0.2607,0.07658,0.16638,0.28568,0.27457,0.60727,0.7463,0.46652,0.59485,0.73646,0.62327,0.5345,0.5973,0.56059,0.67132,0.7546,0.34935,0.74124,0.46783,0.23949,0.020614,0.12824,0.067108,0,1
-0.0019277,0.022779,0.00018663,0.00054565,-0.0033263,-0.001155,0.027223,0.0012211,-0.00043506,-0.0025666,0.94178,0.088459,0.97273,0.92197,0.94731,0.85679,0.25746,0.97307,0.77848,0.78925,0.97512,0.4545,0.76876,0.408,0.033283,0.057158,0.12824,0.071472,1,1
0.21961,0.06251,0.2578,0.24885,0.30825,0.16699,0.048299,0.12659,0.35417,0.2812,0.61138,0.83261,0.50012,0.62297,0.73581,0.64754,0.73061,0.55496,0.69037,0.76735,0.86835,0.37268,0.7127,0.46996,0.17956,0.0068269,0.12824,0.04396,0,1
0.17886,0.15395,0.12827,0.14089,0.1819,0.15557,0.13401,0.099825,0.12225,0.18164,0.76377,0.47664,0.70819,0.67125,0.59998,0.528,0.40484,0.7028,0.51931,0.52132,0.89051,0.37685,0.69368,0.45568,0.26204,0.11118,0.12824,0.12791,0,1
0.1939,0.11756,0.16826,0.22156,0.28067,0.20413,0.12755,0.12674,0.20161,0.20849,0.54461,0.7068,0.48983,0.5733,0.64427,0.6201,0.57837,0.58896,0.64561,0.64744,0.80183,0.3557,0.74455,0.41718,0.23236,0.025981,0.12824,0.079351,0,1
0.051687,0.073534,0.016562,0.033945,0.02458,0.029226,0.074867,0.035304,0.037946,0.067104,0.88906,0.2161,0.83862,0.75273,0.85017,0.77233,0.41731,0.86533,0.66088,0.74767,0.93121,0.42774,0.73909,0.35674,0.18327,0.078405,0.12824,0.082539,1,1
0.089296,0.18992,0.07459,0.097857,0.16074,0.0602,0.12696,0.078801,0.074304,0.089755,0.66448,0.46392,0.68538,0.76968,0.73475,0.70339,0.40807,0.66616,0.62476,0.74026,0.8808,0.36767,0.83801,0.36254,0.25713,0.043409,0.12824,0.091925,1,1
0.20765,0.10432,0.13658,0.14475,0.17602,0.12785,0.10062,0.077476,0.18289,0.18269,0.66216,0.64059,0.47212,0.66449,0.68377,0.59226,0.56993,0.5368,0.58033,0.6871,0.85506,0.39843,0.78261,0.50066,0.2167,0.010719,0.12824,0.038598,0,1
-0.0043882,0.0087016,-0.0012123,-0.0019227,-0.0066776,-0.0045853,0.00976,0.001005,-0.0017714,-0.0058578,0.98782,0.051846,0.98921,0.97252,0.98834,0.96218,0.37065,0.9975,0.84931,0.93025,0.97463,0.48362,0.88878,0.14023,0.08798,0.043626,0.12824,0.056751,1,1
0.23202,0.13524,0.24768,0.23006,0.25641,0.2269,0.1083,0.12997,0.21911,0.27026,0.64743,0.70219,0.56864,0.7535,0.72886,0.68156,0.53203,0.61993,0.57541,0.7282,0.78811,0.39439,0.73463,0.49904,0.20171,0.022708,0.12824,0.074369,0,1
0.26872,0.14346,0.2082,0.2464,0.26448,0.21036,0.10813,0.1286,0.2095,0.26352,0.61731,0.63734,0.47543,0.56368,0.6404,0.5251,0.52393,0.5222,0.49582,0.59047,0.83461,0.38999,0.68772,0.4561,0.23648,0.012015,0.12824,0.047516,0,1
0.026594,0.074453,0.01464,0.025923,0.03262,0.023755,0.072814,0.017652,0.011346,0.028765,0.88468,0.0981,0.86059,0.80486,0.80205,0.76826,0.20478,0.89043,0.58831,0.78253,0.90761,0.4182,0.83494,0.34886,0.1399,0.089617,0.12824,0.079278,1,1
0.25591,0.098394,0.25384,0.27467,0.32074,0.2256,0.060898,0.20496,0.30592,0.27795,0.63264,0.79119,0.49438,0.55831,0.75634,0.62962,0.66418,0.57643,0.61654,0.74719,0.80859,0.38362,0.67511,0.50617,0.20243,0.0033835,0.12824,0.046865,0,1
0.31152,0.24343,0.21366,0.28005,0.22222,0.21271,0.13943,0.11885,0.18835,0.33512,0.6498,0.59397,0.55207,0.52975,0.5629,0.63609,0.45385,0.56203,0.54343,0.6637,0.76072,0.34658,0.70917,0.25233,0.3088,0.098707,0.12824,0.086559,0,1
0.28261,0.075092,0.31032,0.23989,0.30546,0.20548,0.05188,0.11228,0.27101,0.22146,0.56428,0.79878,0.51567,0.57311,0.73573,0.56956,0.61069,0.56316,0.57217,0.67162,0.80905,0.3142,0.76954,0.47069,0.1811,0.012532,0.12824,0.045284,0,1
0.051855,0.15577,0.031464,0.0445,0.080392,0.03469,0.099669,0.020323,0.038929,0.11884,0.79045,0.30919,0.82804,0.7769,0.81928,0.58806,0.38345,0.79536,0.67564,0.73597,0.89191,0.4158,0.77272,0.42243,0.13188,0.075005,0.12824,0.050865,0,1
0.19515,0.19552,0.17477,0.2045,0.24453,0.16054,0.16756,0.16867,0.16701,0.21435,0.76528,0.33316,0.6573,0.71892,0.59534,0.69425,0.47072,0.74723,0.6331,0.63505,0.80094,0.38042,0.78147,0.29304,0.34578,0.11981,0.12824,0.20055,1,1
-0.0038393,0.026972,-0.00035051,0.00044527,-0.005647,-0.002903,0.012493,0.002867,-0.0007261,-0.0022951,0.98337,0.035778,0.98655,0.94841,0.96594,0.97703,0.3508,0.99503,0.87652,0.94057,0.97123,0.47112,0.81855,0.20923,0.10221,0.065491,0.12825,0.06669,1,1
-0.0046246,0.006011,-0.00075446,2.3563e-05,-0.0061317,-0.0044518,0.017332,0.0001618,-0.0016533,-0.0042226,0.9759,0.063019,0.98667,0.95212,0.97543,0.93928,0.30629,0.99103,0.87355,0.93292,0.97825,0.46516,0.82713,0.41758,0.023711,0.035082,0.12824,0.064935,1,1
0.010807,0.082193,0.005349,0.014322,0.010726,0.0094243,0.082125,0.018573,0.011982,0.019596,0.85701,0.12743,0.88989,0.70035,0.86971,0.79259,0.3682,0.9049,0.60277,0.72022,0.92491,0.44739,0.86066,0.38471,0.11668,0.075306,0.12824,0.10758,1,1
0.191,0.18016,0.17603,0.1749,0.24179,0.21371,0.10871,0.16774,0.24094,0.28271,0.62208,0.71706,0.42541,0.5758,0.69123,0.61399,0.52946,0.60933,0.55984,0.66301,0.76424,0.40568,0.73453,0.48531,0.26793,0.0079839,0.12824,0.066175,0,1
0.30037,0.15322,0.26183,0.25973,0.3443,0.23299,0.10502,0.17357,0.26383,0.28006,0.52389,0.71815,0.47458,0.61615,0.67671,0.62518,0.51818,0.57883,0.49372,0.66151,0.71534,0.3677,0.70825,0.47417,0.20055,0.045449,0.12824,0.080474,0,1
0.21696,0.10847,0.23867,0.2268,0.2773,0.28648,0.072888,0.12212,0.34068,0.23867,0.49907,0.83016,0.47839,0.57488,0.73872,0.58325,0.62332,0.47699,0.54037,0.72496,0.88589,0.37561,0.73206,0.46063,0.2227,0.0053472,0.12824,0.058879,0,1
0.26405,0.19106,0.20528,0.22475,0.32037,0.21642,0.10954,0.15925,0.23511,0.27039,0.57456,0.70909,0.41137,0.65726,0.60126,0.52299,0.58788,0.45553,0.53653,0.62806,0.77734,0.38136,0.73113,0.47569,0.21049,0.031828,0.12824,0.062632,0,1
0.051588,0.1247,0.044545,0.044921,0.034853,0.06537,0.10566,0.039304,0.037449,0.056923,0.61214,0.24672,0.78657,0.68728,0.85131,0.53524,0.25384,0.7149,0.47632,0.56038,0.90694,0.38501,0.81371,0.41732,0.082693,0.083446,0.12824,0.096785,0,1
0.23492,0.15143,0.21686,0.22424,0.31236,0.17762,0.12652,0.12097,0.23821,0.30579,0.63737,0.6239,0.52645,0.61483,0.65145,0.59754,0.52214,0.64006,0.59236,0.7216,0.81541,0.33531,0.74469,0.43018,0.27142,0.016338,0.12824,0.049402,0,1
0.075203,0.14727,0.098782,0.085861,0.15748,0.047848,0.13696,0.028593,0.057155,0.093043,0.65039,0.34006,0.71256,0.79536,0.6911,0.60131,0.40558,0.69136,0.51277,0.58117,0.87176,0.41594,0.74267,0.37028,0.28296,0.090493,0.12824,0.15577,1,1
0.32679,0.27085,0.24539,0.26084,0.36844,0.25914,0.16762,0.24907,0.32683,0.31548,0.63531,0.49881,0.5216,0.55387,0.66383,0.58448,0.50799,0.61756,0.66406,0.67753,0.75164,0.32131,0.76739,0.37523,0.40611,0.116,0.12824,0.15598,1,1
0.24335,0.06676,0.26782,0.23429,0.26512,0.22613,0.04671,0.13532,0.36087,0.24716,0.6235,0.78311,0.46813,0.63876,0.68438,0.62872,0.63995,0.49493,0.54391,0.71272,0.78142,0.32288,0.68238,0.51412,0.17801,0.0084626,0.12824,0.058398,0,1
0.28605,0.22085,0.22821,0.23922,0.29934,0.26225,0.15731,0.1928,0.24875,0.27291,0.58262,0.55132,0.44792,0.559,0.66558,0.58365,0.47968,0.54156,0.55762,0.6067,0.70232,0.32308,0.8001,0.35244,0.33443,0.078445,0.12824,0.10051,0,1
0.1486,0.21037,0.088741,0.15039,0.18658,0.12327,0.15275,0.08565,0.14055,0.1308,0.57621,0.4197,0.63007,0.63105,0.67565,0.5024,0.38571,0.6152,0.4129,0.508,0.79481,0.43558,0.78163,0.42935,0.2078,0.04209,0.12824,0.089198,0,1
0.21879,0.20615,0.12787,0.1233,0.23259,0.14909,0.14745,0.073737,0.1328,0.21422,0.646,0.57081,0.52858,0.53901,0.73253,0.55297,0.40313,0.5652,0.45943,0.69661,0.75602,0.42349,0.67706,0.44335,0.25995,0.048125,0.12824,0.074899,0,1
0.22321,0.1946,0.20252,0.18775,0.31305,0.19987,0.12976,0.14455,0.28867,0.27798,0.59215,0.54453,0.47898,0.57897,0.63565,0.5078,0.44695,0.62,0.53323,0.70447,0.694,0.33138,0.74037,0.38852,0.32624,0.080044,0.12824,0.14448,0,1
0.095505,0.18587,0.080407,0.070577,0.14705,0.12734,0.1519,0.07591,0.11117,0.13351,0.64346,0.40616,0.59899,0.67246,0.69599,0.42805,0.33203,0.60013,0.5212,0.50065,0.81786,0.43717,0.78535,0.46531,0.24458,0.050369,0.12824,0.085679,0,1
0.10775,0.15755,0.12172,0.1509,0.17511,0.14562,0.1138,0.086836,0.14292,0.21765,0.61289,0.56838,0.57367,0.67723,0.67981,0.52236,0.54106,0.62253,0.66019,0.59299,0.87931,0.40023,0.70702,0.41042,0.2989,0.068818,0.12824,0.070811,0,1
0.26285,0.081364,0.20188,0.24685,0.25028,0.23617,0.075538,0.11264,0.26353,0.21354,0.5931,0.76789,0.51021,0.54512,0.73423,0.52029,0.58306,0.50936,0.55528,0.68455,0.81162,0.4052,0.68254,0.53735,0.17512,0.0054183,0.12824,0.047846,0,1
0.20431,0.11787,0.18503,0.20106,0.30111,0.15911,0.089937,0.10117,0.13406,0.1443,0.56393,0.71538,0.45145,0.52483,0.79221,0.56682,0.50161,0.51013,0.59749,0.58876,0.89025,0.41234,0.7214,0.48513,0.25039,0.021857,0.12824,0.046345,0,1
0.22937,0.11948,0.25769,0.24536,0.32415,0.25126,0.068991,0.1878,0.28462,0.22219,0.57999,0.73937,0.45958,0.54141,0.66981,0.52249,0.60167,0.58253,0.59836,0.65893,0.82699,0.35491,0.69467,0.47281,0.19514,0.011778,0.12824,0.049927,0,1
0.27083,0.071446,0.31104,0.24707,0.27733,0.17808,0.056986,0.14408,0.27621,0.27237,0.60589,0.76645,0.44635,0.64136,0.60935,0.67041,0.66528,0.52123,0.69874,0.72919,0.84726,0.36298,0.66672,0.4953,0.19582,0.0099522,0.12825,0.038073,0,1
0.1778,0.14875,0.19204,0.18518,0.24903,0.090867,0.062178,0.1336,0.18574,0.24246,0.76081,0.54437,0.52208,0.60517,0.66518,0.58081,0.43678,0.54803,0.63181,0.71773,0.87842,0.40435,0.66216,0.49229,0.25414,0.015003,0.12825,0.040169,0,1
0.2968,0.15383,0.25145,0.32808,0.2939,0.27895,0.1112,0.24416,0.28834,0.29721,0.52809,0.60087,0.46793,0.52473,0.62913,0.56088,0.47282,0.55363,0.60682,0.67585,0.83946,0.38514,0.75479,0.41127,0.28154,0.017913,0.12824,0.10177,0,1
0.16389,0.12199,0.14062,0.16186,0.2348,0.16479,0.078263,0.09913,0.17388,0.1621,0.65412,0.67281,0.59989,0.71188,0.67811,0.63873,0.54356,0.5659,0.52954,0.71593,0.81974,0.41521,0.74152,0.47751,0.22704,0.0080214,0.12824,0.0465,0,1
0.24842,0.12507,0.22979,0.22772,0.23599,0.2031,0.095166,0.12721,0.23476,0.22979,0.58656,0.75273,0.54908,0.60514,0.68534,0.62918,0.55398,0.5294,0.60607,0.70144,0.88614,0.41846,0.67618,0.50932,0.21243,0.0077085,0.12824,0.041307,0,1
0.22174,0.1765,0.17008,0.26521,0.18418,0.18095,0.13932,0.16476,0.18427,0.22802,0.58213,0.45577,0.4748,0.53241,0.44168,0.52937,0.39879,0.51326,0.54211,0.55978,0.66287,0.37527,0.66999,0.45283,0.28214,0.047035,0.12824,0.11781,0,1
0.19196,0.034065,0.22506,0.2606,0.28183,0.1594,0.024543,0.10311,0.40719,0.25247,0.68842,0.88432,0.5096,0.64398,0.78666,0.70376,0.80069,0.45319,0.72619,0.83512,0.91286,0.35609,0.72244,0.52354,0.12919,-0.0010253,0.12824,0.032631,0,1
0.22637,0.048537,0.28403,0.25802,0.28333,0.19879,0.036909,0.13852,0.31858,0.22625,0.64158,0.79415,0.56318,0.62478,0.75055,0.65245,0.60614,0.55096,0.54466,0.73324,0.79876,0.39436,0.6839,0.50641,0.17082,0.0025167,0.12824,0.03668,0,1
0.16346,0.23044,0.13913,0.13386,0.19262,0.14712,0.1543,0.16537,0.11905,0.17175,0.64846,0.50337,0.57455,0.56449,0.70483,0.52142,0.44137,0.5387,0.54322,0.52624,0.8699,0.4073,0.67451,0.48515,0.24039,0.041212,0.12824,0.071127,0,1
0.088849,0.15549,0.077675,0.1106,0.15667,0.087492,0.12359,0.12524,0.088518,0.1011,0.81328,0.3307,0.7999,0.77292,0.81822,0.56836,0.43787,0.80483,0.71212,0.72697,0.84858,0.40957,0.80982,0.18351,0.35736,0.17316,0.12825,0.13948,1,1
0.10598,0.15713,0.069531,0.16562,0.17767,0.073732,0.10972,0.16176,0.075463,0.0987,0.80487,0.35778,0.64459,0.77594,0.80839,0.76776,0.51661,0.77403,0.73507,0.73345,0.86842,0.40391,0.74184,0.3061,0.35045,0.095868,0.12824,0.10739,1,1
0.3189,0.11759,0.2758,0.33761,0.38183,0.2744,0.079948,0.16444,0.33021,0.32807,0.63095,0.7439,0.43721,0.60519,0.70883,0.60455,0.57947,0.55956,0.65524,0.67456,0.79272,0.31467,0.73253,0.41224,0.27429,0.065964,0.12824,0.077018,0,1
0.22881,0.17757,0.18636,0.16583,0.20622,0.26298,0.13169,0.16817,0.16427,0.1608,0.55158,0.61559,0.5075,0.65964,0.7575,0.54336,0.48355,0.60606,0.59341,0.61144,0.81559,0.36357,0.73539,0.40981,0.23703,0.059989,0.12824,0.086296,0,1
0.19462,0.18865,0.20364,0.1898,0.21987,0.17898,0.13316,0.13846,0.24572,0.21066,0.54922,0.58603,0.44658,0.57805,0.61578,0.47936,0.42237,0.5276,0.50992,0.68776,0.7877,0.37095,0.67658,0.44105,0.24909,0.024451,0.12824,0.07138,0,1
0.27783,0.11301,0.24664,0.31525,0.29251,0.22324,0.074295,0.14777,0.28486,0.33018,0.62904,0.72018,0.52644,0.58166,0.58494,0.70333,0.65701,0.54836,0.65392,0.72211,0.78347,0.31398,0.75517,0.41589,0.26745,0.026154,0.12824,0.083857,0,1
0.018555,0.10378,0.0089184,0.01632,0.017577,0.013788,0.080242,0.021949,0.010752,0.022398,0.90248,0.13069,0.93176,0.84788,0.88011,0.88152,0.29656,0.93923,0.64861,0.77119,0.82004,0.39863,0.82718,0.31064,0.12645,0.16261,0.12824,0.10188,1,1
0.0082576,0.042729,0.004086,0.0066139,0.0012778,0.00061863,0.018162,0.011798,0.002599,0.0047491,0.98271,0.094944,0.97697,0.93252,0.93543,0.96935,0.40423,0.99223,0.89422,0.91252,0.94187,0.4569,0.89249,0.17063,0.20522,0.11843,0.12824,0.10022,1,1
0.13637,0.16783,0.10416,0.10396,0.1311,0.14428,0.11561,0.053782,0.093746,0.15343,0.62829,0.44105,0.70059,0.66398,0.77232,0.6414,0.38381,0.75353,0.49921,0.6355,0.91732,0.42348,0.75478,0.44563,0.23466,0.021025,0.12824,0.099696,0,1
0.22117,0.17739,0.18291,0.24593,0.25649,0.17172,0.12515,0.13486,0.18231,0.18521,0.42067,0.72503,0.42082,0.473,0.70454,0.61002,0.54597,0.61213,0.61885,0.60559,0.71638,0.31914,0.78411,0.42161,0.282,0.014788,0.12824,0.062714,0,1
0.3038,0.080144,0.25117,0.27062,0.26899,0.24118,0.068506,0.15801,0.30819,0.30727,0.61849,0.74017,0.47491,0.62911,0.71242,0.63773,0.5946,0.51666,0.61588,0.7183,0.77411,0.37048,0.69982,0.46809,0.25547,0.016168,0.12825,0.060527,0,1
-0.0012514,0.033543,0.00059823,0.0053061,0.00298,-0.00096165,0.025368,0.0061471,0.002334,-0.00059028,0.95822,0.13955,0.93648,0.91084,0.92811,0.86163,0.35069,0.95617,0.80272,0.89305,0.97419,0.42007,0.86371,0.29387,0.080803,0.068981,0.12825,0.092479,1,1
0.15833,0.23688,0.096588,0.10163,0.23357,0.12904,0.17369,0.080349,0.093439,0.13992,0.48502,0.41693,0.66554,0.64558,0.69538,0.52954,0.39747,0.64526,0.52693,0.57721,0.80836,0.3732,0.69096,0.43811,0.2361,0.046217,0.12824,0.10204,0,1
0.39028,0.12161,0.37866,0.36792,0.42162,0.38102,0.09778,0.29637,0.40123,0.3981,0.54358,0.74097,0.4248,0.58421,0.65259,0.60748,0.62512,0.50886,0.57325,0.67441,0.74697,0.34276,0.73692,0.37925,0.32287,0.08289,0.12824,0.1227,1,1
0.039672,0.054322,0.029689,0.03518,0.017766,0.025334,0.078822,0.065898,0.01385,0.048405,0.84944,0.12234,0.85042,0.72554,0.76649,0.66651,0.32383,0.85783,0.64762,0.68983,0.87976,0.41217,0.63934,0.42734,0.14591,0.12453,0.12824,0.10065,1,1
0.29038,0.21759,0.25756,0.24197,0.29881,0.23187,0.16163,0.26732,0.22431,0.25663,0.70107,0.49863,0.53113,0.63221,0.77695,0.59921,0.48171,0.70263,0.62011,0.66718,0.67575,0.26622,0.81873,0.3268,0.35342,0.18969,0.12825,0.14664,1,1
0.25632,0.060052,0.26759,0.26184,0.29033,0.24998,0.038131,0.14119,0.33308,0.234,0.59522,0.81902,0.47404,0.67219,0.69378,0.61369,0.6842,0.48383,0.65017,0.72298,0.83728,0.3776,0.69796,0.48777,0.18797,0.0032564,0.12824,0.05102,0,1
0.37316,0.15653,0.37775,0.34142,0.44605,0.36632,0.10679,0.27489,0.36756,0.31913,0.52296,0.63003,0.47513,0.63789,0.57999,0.47809,0.54013,0.58683,0.54964,0.6769,0.69983,0.36611,0.75856,0.3917,0.30265,0.071509,0.12824,0.10161,0,1
0.072266,0.18638,0.044461,0.059407,0.076923,0.055413,0.12393,0.026363,0.023857,0.068527,0.7233,0.33478,0.77122,0.70973,0.78982,0.74602,0.42717,0.6713,0.6904,0.58963,0.8963,0.4313,0.80461,0.41279,0.23119,0.084944,0.12824,0.10052,0,1
0.25103,0.21819,0.22065,0.26626,0.33243,0.17112,0.15614,0.1485,0.26532,0.27828,0.57492,0.557,0.61846,0.69005,0.71062,0.57166,0.42201,0.6874,0.63757,0.64072,0.69899,0.3784,0.74373,0.33646,0.3567,0.1196,0.12824,0.1394,0,1
0.21128,0.15215,0.17293,0.18029,0.2515,0.13456,0.14701,0.14446,0.19952,0.20704,0.56871,0.5055,0.54507,0.62323,0.59757,0.52353,0.47759,0.614,0.56638,0.64567,0.80432,0.37151,0.66018,0.41785,0.26805,0.061295,0.12824,0.082656,0,1
0.25413,0.17676,0.23008,0.26634,0.3315,0.23437,0.13789,0.14111,0.27903,0.25289,0.53928,0.59946,0.51103,0.62359,0.70771,0.54292,0.46812,0.54546,0.51226,0.67321,0.7631,0.37062,0.75496,0.41937,0.31469,0.047753,0.12824,0.07609,0,1
0.22224,0.13888,0.1966,0.17014,0.27534,0.18864,0.096907,0.1291,0.20816,0.20642,0.72864,0.6533,0.48008,0.54356,0.64454,0.64117,0.51184,0.59473,0.57307,0.697,0.7839,0.36259,0.77699,0.45056,0.2348,0.027575,0.12824,0.082092,0,1
0.18607,0.1548,0.19903,0.1746,0.24349,0.17349,0.10861,0.13673,0.18311,0.22625,0.54591,0.60151,0.6136,0.62807,0.66305,0.5957,0.4798,0.5115,0.61141,0.60931,0.72416,0.32369,0.72116,0.46625,0.24534,0.033605,0.12825,0.10291,0,1
0.24682,0.086692,0.25651,0.28502,0.31371,0.26068,0.051222,0.12259,0.28405,0.25388,0.63184,0.78319,0.506,0.70278,0.76072,0.67301,0.66746,0.54443,0.65326,0.7051,0.75899,0.34437,0.76966,0.46233,0.21093,0.029678,0.12824,0.060833,0,1
0.29396,0.16765,0.27472,0.27338,0.34947,0.28214,0.099988,0.17614,0.32312,0.27698,0.67728,0.56132,0.55806,0.67331,0.72515,0.56622,0.49037,0.74576,0.62674,0.71227,0.8332,0.32097,0.87109,0.30755,0.34608,0.1448,0.12824,0.077358,1,1
0.27819,0.21156,0.29996,0.31807,0.30527,0.24736,0.16958,0.20773,0.18534,0.29187,0.59104,0.47469,0.62065,0.6539,0.49487,0.57861,0.44833,0.6255,0.61066,0.70042,0.69218,0.29429,0.76825,0.30326,0.36815,0.22775,0.12824,0.13742,1,1
0.24562,0.11086,0.29305,0.26145,0.23864,0.19609,0.08844,0.19903,0.26306,0.34395,0.64259,0.62414,0.45983,0.67571,0.62808,0.61439,0.53054,0.5837,0.59917,0.53011,0.84697,0.35782,0.77186,0.44422,0.22077,0.045869,0.12824,0.061854,0,1
0.20379,0.21521,0.20385,0.22676,0.3053,0.21804,0.19926,0.15959,0.14732,0.22935,0.6676,0.4245,0.68589,0.69271,0.77519,0.65222,0.44017,0.71256,0.62572,0.68821,0.70725,0.37587,0.7875,0.28888,0.36039,0.16199,0.12824,0.14878,1,1
0.28524,0.13267,0.20541,0.20221,0.29402,0.2205,0.10379,0.14531,0.27321,0.2719,0.52249,0.69385,0.43475,0.47477,0.61,0.54269,0.52443,0.50406,0.58609,0.65824,0.74436,0.37419,0.71603,0.44075,0.2267,0.0721,0.12824,0.070311,0,1
0.0057536,0.031919,0.011433,0.015394,0.0052217,0.0038078,0.046351,0.0067204,0.0063711,0.0098147,0.8795,0.12971,0.90956,0.83599,0.87223,0.82451,0.21117,0.86217,0.69304,0.80881,0.94777,0.45417,0.81646,0.34977,0.11836,0.070094,0.12824,0.040167,0,1
0.18998,0.12964,0.15854,0.19472,0.28584,0.16484,0.095293,0.11448,0.2046,0.15172,0.63893,0.51856,0.53892,0.61063,0.64776,0.62351,0.40735,0.5508,0.62851,0.53551,0.81165,0.37628,0.73662,0.43295,0.28232,0.037248,0.12824,0.11699,0,1
0.33107,0.1718,0.33451,0.26636,0.33257,0.33293,0.13012,0.26791,0.27615,0.3332,0.54774,0.59757,0.56984,0.53806,0.58477,0.60268,0.52842,0.64553,0.65866,0.64189,0.67115,0.27093,0.76341,0.34277,0.29022,0.16079,0.12825,0.10492,1,1
0.2386,0.14299,0.2255,0.21288,0.26975,0.18185,0.10144,0.13645,0.215,0.25202,0.58803,0.7101,0.45938,0.54865,0.71662,0.55758,0.57984,0.56103,0.56923,0.66208,0.80314,0.39337,0.72529,0.48524,0.22592,0.013503,0.12824,0.050835,0,1
0.27699,0.11641,0.32232,0.26634,0.33616,0.30967,0.090092,0.18762,0.33542,0.30699,0.58077,0.76128,0.4463,0.65405,0.75251,0.55017,0.61844,0.54856,0.61297,0.70018,0.82781,0.39687,0.73096,0.4489,0.22408,0.016758,0.12824,0.064566,0,1
0.24226,0.047325,0.22192,0.24891,0.27863,0.21788,0.046057,0.10323,0.32718,0.19588,0.5446,0.77738,0.48258,0.54394,0.70865,0.64501,0.64042,0.5278,0.58147,0.7435,0.83322,0.3388,0.76271,0.45478,0.18682,0.0068522,0.12824,0.047176,0,1
0.055404,0.11665,0.038706,0.044056,0.02463,0.025508,0.061616,0.055134,0.023964,0.052028,0.93104,0.1948,0.9136,0.85141,0.91554,0.94475,0.47909,0.97657,0.80245,0.87706,0.85383,0.38153,0.86787,0.1699,0.33289,0.15731,0.12824,0.14066,1,1
0.32176,0.25676,0.25368,0.32335,0.36448,0.23322,0.18171,0.25614,0.30736,0.32688,0.47604,0.5498,0.46045,0.57412,0.71376,0.47722,0.48597,0.45453,0.53713,0.62743,0.75169,0.29982,0.69677,0.34626,0.36087,0.17953,0.12825,0.15535,0,1
0.16873,0.15115,0.16672,0.15178,0.21623,0.15955,0.1312,0.089603,0.13543,0.17523,0.65467,0.598,0.58739,0.61244,0.71761,0.65923,0.45632,0.71096,0.57361,0.63061,0.78285,0.43558,0.74264,0.46207,0.24723,0.023158,0.12824,0.065193,0,1
0.039257,0.081687,0.01534,0.017779,0.037343,0.030518,0.083016,0.008984,0.0083151,0.035399,0.79177,0.22756,0.76812,0.73447,0.78227,0.7045,0.34899,0.75503,0.56266,0.6229,0.92155,0.40128,0.84444,0.42373,0.11773,0.062545,0.12824,0.05052,0,1
0.18257,0.19345,0.13499,0.19564,0.24845,0.19118,0.14854,0.084998,0.19439,0.19671,0.64792,0.64843,0.59818,0.53983,0.72423,0.67181,0.48888,0.58466,0.56245,0.6337,0.79949,0.40466,0.67546,0.46627,0.23348,0.0095025,0.12824,0.054714,0,1
0.16339,0.16991,0.096014,0.11641,0.13269,0.10596,0.15947,0.067884,0.11631,0.15957,0.65679,0.46987,0.58006,0.50875,0.68153,0.63349,0.3779,0.58193,0.60469,0.6619,0.89114,0.3905,0.72493,0.46264,0.23965,0.037277,0.12824,0.041577,0,1
0.087153,0.12189,0.026564,0.052887,0.044932,0.030862,0.060978,0.057534,0.031388,0.048724,0.89612,0.16608,0.85645,0.8371,0.89029,0.87518,0.44623,0.91577,0.76414,0.80356,0.90641,0.42977,0.81617,0.23398,0.28439,0.13135,0.12824,0.1212,1,1
0.034979,0.075602,0.017279,0.027896,0.0084324,0.01381,0.030575,0.050589,0.014451,0.025197,0.97551,0.10096,0.95612,0.95386,0.9504,0.91374,0.33239,0.98523,0.82792,0.92305,0.94348,0.45685,0.89507,0.13573,0.3013,0.12981,0.12824,0.14052,1,1
0.23519,0.09379,0.21156,0.22472,0.2014,0.22174,0.06871,0.15112,0.14967,0.22456,0.66195,0.70816,0.4788,0.60766,0.58657,0.55878,0.54626,0.49219,0.54958,0.63238,0.85526,0.41118,0.77562,0.45918,0.24534,0.024489,0.12824,0.062811,0,1
-0.0058678,0.0061368,-0.0009718,-0.001181,-0.0066022,-0.0042616,0.0087011,0.0028888,-0.0015052,-0.0044544,0.99201,0.046739,0.99006,0.98794,0.9888,0.98004,0.34563,0.9977,0.9367,0.96268,0.97768,0.48511,0.86835,0.21519,0.066134,0.056416,0.12826,0.11858,1,1
0.3088,0.19536,0.21795,0.23721,0.31191,0.24175,0.15755,0.14026,0.27343,0.29782,0.65339,0.53141,0.51776,0.56067,0.61989,0.60268,0.46859,0.63993,0.56368,0.57715,0.72117,0.33521,0.71627,0.38555,0.29627,0.091212,0.12824,0.098909,0,1
0.010365,0.04842,0.0071514,0.0058505,0.0061231,0.0076214,0.095695,0.021848,0.011171,0.013693,0.91107,0.11874,0.93285,0.92081,0.83851,0.87508,0.34538,0.9573,0.76399,0.75289,0.90307,0.40114,0.88258,0.23349,0.14314,0.184,0.12824,0.16475,1,1
0.15233,0.16154,0.18331,0.17606,0.29083,0.19539,0.11664,0.072101,0.20159,0.18031,0.78719,0.60762,0.69607,0.66907,0.79597,0.60829,0.42463,0.63103,0.56185,0.64039,0.79452,0.36957,0.72587,0.38808,0.26452,0.034503,0.12824,0.12782,0,1
0.3396,0.18239,0.2374,0.20576,0.25952,0.25228,0.11937,0.1649,0.25122,0.27487,0.62499,0.61727,0.48703,0.50115,0.67478,0.54109,0.52661,0.52953,0.4438,0.59149,0.77847,0.35289,0.77231,0.44156,0.25464,0.056577,0.12824,0.08182,0,1
0.18768,0.19786,0.16392,0.19775,0.16416,0.23755,0.14483,0.14187,0.16218,0.16138,0.6161,0.56876,0.58725,0.73746,0.60803,0.57557,0.50362,0.7185,0.56542,0.70537,0.79216,0.39419,0.69281,0.31538,0.31287,0.13731,0.12824,0.09034,0,1
0.16574,0.18503,0.092418,0.10976,0.16073,0.10625,0.19243,0.11611,0.095607,0.19301,0.74866,0.41936,0.59838,0.7118,0.72023,0.67312,0.44035,0.75823,0.57712,0.62194,0.75666,0.37584,0.77245,0.33619,0.33838,0.13622,0.12824,0.094515,1,1
0.29467,0.18307,0.2018,0.21552,0.27738,0.24668,0.12992,0.17739,0.21381,0.27706,0.48046,0.607,0.38879,0.44163,0.6312,0.49368,0.53093,0.51843,0.51313,0.58144,0.80834,0.42004,0.74105,0.41454,0.27324,0.034503,0.12824,0.089349,0,1
0.2731,0.097565,0.2117,0.23047,0.31752,0.2826,0.063573,0.12036,0.29732,0.30703,0.65337,0.81491,0.52616,0.5669,0.76379,0.63112,0.63379,0.5498,0.62992,0.74419,0.79371,0.35027,0.70593,0.4651,0.23488,0.010827,0.12824,0.054024,0,1
0.28905,0.19796,0.23702,0.28021,0.29397,0.27381,0.18974,0.19064,0.30362,0.24438,0.59632,0.49924,0.54315,0.70208,0.6455,0.56773,0.48683,0.6574,0.6718,0.62017,0.69771,0.299,0.8239,0.30177,0.37979,0.14982,0.12824,0.17774,1,1
0.071308,0.16514,0.050276,0.067758,0.076346,0.052455,0.094764,0.020214,0.030791,0.085259,0.72141,0.29445,0.74964,0.62955,0.67802,0.6875,0.27061,0.7236,0.46606,0.65932,0.91984,0.42132,0.72688,0.47653,0.19752,0.034748,0.12824,0.057062,0,1
0.076458,0.12233,0.022209,0.046588,0.091922,0.043961,0.12942,0.015839,0.017405,0.06284,0.71096,0.29755,0.75981,0.66821,0.73589,0.69174,0.36416,0.63373,0.58462,0.55825,0.91006,0.45525,0.81098,0.4578,0.1655,0.027278,0.12824,0.044913,0,1
0.014354,0.076093,0.0059884,0.0083047,0.0095716,0.0086396,0.054258,0.050911,0.0072671,0.016024,0.93223,0.083709,0.93721,0.83546,0.82949,0.90159,0.33047,0.94003,0.81802,0.88702,0.90535,0.4058,0.86384,0.16153,0.24021,0.1565,0.12824,0.15859,1,1
0.022454,0.078329,0.020176,0.018331,0.016364,0.024329,0.085202,0.014344,0.013863,0.026699,0.82138,0.23441,0.91875,0.83768,0.88697,0.77393,0.27311,0.83693,0.72604,0.71653,0.8868,0.46672,0.6768,0.38202,0.12886,0.052347,0.12824,0.088153,0,1
0.25645,0.19516,0.24403,0.23266,0.34701,0.25699,0.17329,0.23464,0.28148,0.28839,0.62492,0.56809,0.62772,0.71803,0.73073,0.60007,0.48754,0.73543,0.63991,0.70219,0.66068,0.26107,0.76983,0.26526,0.39514,0.19955,0.12824,0.1803,1,1
0.031323,0.058786,0.010417,0.016977,0.0078833,0.020979,0.038134,0.0714,0.0097836,0.019102,0.96136,0.15248,0.95612,0.90968,0.94491,0.95817,0.42041,0.97857,0.88483,0.85909,0.85854,0.41824,0.8845,0.12948,0.29746,0.18471,0.12824,0.15104,1,1
0.12833,0.12942,0.1206,0.14382,0.2023,0.12454,0.087376,0.058607,0.14775,0.14747,0.7016,0.7326,0.65488,0.71431,0.84594,0.63362,0.48362,0.61373,0.54091,0.65416,0.85268,0.40435,0.73375,0.49989,0.19802,0.0060962,0.12824,0.055516,0,1
0.10527,0.15506,0.069636,0.11171,0.16312,0.11052,0.084172,0.057738,0.090404,0.09337,0.78123,0.27441,0.77401,0.78849,0.65974,0.72683,0.36429,0.77096,0.67468,0.76555,0.86916,0.42134,0.82542,0.23893,0.31519,0.087739,0.12824,0.092863,1,1
0.11108,0.18814,0.1408,0.13338,0.13344,0.15172,0.13864,0.080461,0.094753,0.13632,0.5083,0.40995,0.58722,0.67988,0.65547,0.50109,0.38531,0.5508,0.5353,0.57781,0.80782,0.40089,0.70584,0.38992,0.19411,0.069332,0.12824,0.083254,0,1
0.16005,0.1917,0.059663,0.13436,0.19759,0.18333,0.13687,0.066852,0.077962,0.071035,0.67508,0.45923,0.67325,0.59775,0.80073,0.70196,0.40466,0.76443,0.50149,0.65599,0.85801,0.41231,0.79854,0.37336,0.20846,0.08164,0.12824,0.078194,0,1
0.23088,0.17658,0.27911,0.24819,0.37065,0.26243,0.12568,0.22464,0.24274,0.2397,0.59463,0.64336,0.46044,0.61136,0.66242,0.53731,0.47045,0.56336,0.49054,0.66982,0.78965,0.38802,0.72607,0.456,0.24987,0.026368,0.12824,0.099434,0,1
0.25473,0.10191,0.34463,0.31481,0.32769,0.24216,0.066799,0.1527,0.31453,0.29621,0.64396,0.70307,0.46194,0.58864,0.67962,0.68623,0.60016,0.619,0.66418,0.74605,0.8142,0.37173,0.71947,0.44236,0.18403,0.016919,0.12824,0.053523,0,1
0.21978,0.13839,0.26088,0.24769,0.31757,0.19911,0.094749,0.19974,0.25177,0.2099,0.58817,0.65461,0.48541,0.64279,0.62494,0.60415,0.44486,0.5635,0.60295,0.5545,0.79212,0.33565,0.69682,0.42439,0.26883,0.034944,0.12824,0.082131,0,1
0.29411,0.16786,0.27207,0.31462,0.30559,0.28457,0.15685,0.19923,0.33097,0.30551,0.66123,0.54642,0.45781,0.48714,0.55915,0.55471,0.55405,0.5712,0.47419,0.71575,0.64161,0.28901,0.69488,0.37369,0.32277,0.080779,0.12824,0.11369,0,1
0.098633,0.11402,0.096446,0.075225,0.12603,0.098654,0.13583,0.073001,0.050882,0.11174,0.64639,0.35499,0.6744,0.6702,0.51488,0.57217,0.28638,0.57456,0.60604,0.58489,0.76897,0.36761,0.79351,0.43443,0.24444,0.052712,0.12825,0.078987,0,1
0.14385,0.20389,0.1873,0.15455,0.25537,0.17757,0.16159,0.12158,0.1883,0.25993,0.61674,0.58843,0.52785,0.65974,0.7264,0.49528,0.47573,0.64483,0.51985,0.6277,0.79254,0.38928,0.77386,0.47708,0.24214,0.034066,0.12825,0.092236,0,1
0.1826,0.22735,0.17727,0.12517,0.19147,0.18293,0.1271,0.11563,0.16702,0.17885,0.60757,0.51366,0.64479,0.57475,0.78802,0.62928,0.56288,0.6787,0.65587,0.64612,0.82476,0.37967,0.67817,0.4109,0.34472,0.056831,0.12824,0.11947,0,1
0.039153,0.10188,0.02637,0.022198,0.034215,0.025256,0.094276,0.018998,0.011042,0.048986,0.80892,0.13135,0.88297,0.8125,0.85783,0.7518,0.38801,0.84913,0.54988,0.7561,0.88663,0.4161,0.8102,0.38541,0.1159,0.16956,0.12824,0.069941,0,1
0.35331,0.18531,0.28686,0.36624,0.28926,0.28328,0.15492,0.24187,0.21875,0.2579,0.42161,0.64939,0.37201,0.51929,0.55337,0.56055,0.57676,0.5719,0.5335,0.65185,0.73054,0.33098,0.76683,0.36468,0.3296,0.080447,0.12824,0.092717,0,1
0.38942,0.11874,0.36503,0.37283,0.38982,0.37713,0.07363,0.27018,0.36816,0.38146,0.52948,0.7737,0.4049,0.59875,0.69435,0.57233,0.62582,0.52993,0.57088,0.72445,0.7788,0.35918,0.7149,0.41102,0.23711,0.056369,0.12826,0.079579,0,1
-0.0065604,0.0023267,-0.0011904,-0.002003,-0.0066262,-0.0051228,0.0067801,-0.00014116,-0.0022119,-0.0056222,0.99083,0.018977,0.99345,0.96835,0.97463,0.93968,0.20667,0.99373,0.82471,0.91249,0.99246,0.47753,0.88683,0.17311,0.02226,0.042547,0.12825,0.064313,1,1
0.13357,0.12597,0.13906,0.13107,0.13236,0.16044,0.11855,0.10592,0.17159,0.13418,0.61581,0.50097,0.72309,0.63956,0.75047,0.57267,0.43387,0.60383,0.55438,0.59416,0.87296,0.40079,0.69087,0.44825,0.2258,0.046322,0.12824,0.050068,0,1
0.1583,0.16019,0.11576,0.17945,0.2199,0.11475,0.13545,0.11815,0.1424,0.26426,0.51586,0.39339,0.64105,0.56436,0.58529,0.64684,0.45827,0.65353,0.59476,0.64717,0.80666,0.42311,0.78836,0.33408,0.31878,0.12886,0.12824,0.18108,0,1
0.20592,0.16074,0.21516,0.21512,0.29747,0.24888,0.12476,0.1799,0.24151,0.2481,0.69476,0.60751,0.51583,0.57209,0.55454,0.52917,0.46121,0.59556,0.45472,0.68623,0.68617,0.40161,0.77502,0.42865,0.29006,0.018161,0.12824,0.07208,0,1
0.16394,0.17833,0.11743,0.14092,0.1887,0.13003,0.15876,0.14739,0.079714,0.14198,0.65962,0.38441,0.65907,0.56466,0.47943,0.59069,0.3799,0.5696,0.52825,0.54517,0.82534,0.33331,0.7074,0.40402,0.27202,0.12114,0.12825,0.073037,0,1
0.23288,0.23425,0.2072,0.23413,0.21258,0.20759,0.12741,0.15994,0.11328,0.21938,0.65308,0.50308,0.40502,0.58798,0.69621,0.4837,0.46402,0.43409,0.52753,0.55552,0.82699,0.38627,0.75662,0.42461,0.21919,0.11292,0.12824,0.064979,0,1
0.29369,0.23646,0.28923,0.30077,0.34331,0.25743,0.15509,0.1439,0.23618,0.27014,0.55394,0.50425,0.57161,0.64849,0.63162,0.56813,0.47493,0.6062,0.51208,0.69595,0.70244,0.36591,0.7869,0.36348,0.33067,0.052016,0.12824,0.13005,0,1
0.2737,0.065533,0.30364,0.29299,0.29792,0.2166,0.05137,0.1766,0.30698,0.26475,0.63992,0.77176,0.43852,0.59848,0.63753,0.5734,0.65559,0.5106,0.62464,0.69052,0.8434,0.36889,0.64556,0.47736,0.1762,0.013503,0.12824,0.042078,0,1
0.29536,0.17812,0.1973,0.30206,0.35157,0.27941,0.11243,0.20473,0.31094,0.3412,0.52887,0.63115,0.36924,0.58482,0.60269,0.54953,0.56172,0.48243,0.57025,0.60769,0.72925,0.36432,0.70956,0.43905,0.28842,0.041884,0.12824,0.085227,0,1
0.28269,0.12564,0.35947,0.33545,0.41732,0.34077,0.11004,0.22739,0.34476,0.33942,0.52491,0.70973,0.42678,0.63581,0.56813,0.57871,0.5542,0.53166,0.54379,0.6595,0.75141,0.33743,0.72967,0.41521,0.25344,0.045485,0.12824,0.085752,0,1
0.024903,0.055486,0.011162,0.021686,0.014847,0.026967,0.0732,0.017788,0.013259,0.027564,0.88976,0.18371,0.84521,0.82393,0.84046,0.83309,0.32679,0.89727,0.63373,0.71635,0.84653,0.40321,0.83215,0.29867,0.13221,0.094098,0.12825,0.064989,1,1
0.207,0.18741,0.11743,0.17371,0.20663,0.23212,0.14121,0.19672,0.15166,0.19844,0.68997,0.46824,0.56183,0.66118,0.72198,0.67091,0.56192,0.70656,0.47491,0.63499,0.80109,0.37678,0.76796,0.31478,0.26857,0.14733,0.12824,0.14122,0,1
0.045069,0.079365,0.034027,0.050445,0.037065,0.036489,0.088279,0.057691,0.06631,0.044184,0.78337,0.21012,0.80093,0.73507,0.65806,0.70076,0.34707,0.85823,0.66814,0.71314,0.91757,0.40919,0.76344,0.373,0.17545,0.082621,0.12824,0.087866,0,1
0.00066501,0.04329,0.00054211,0.0073388,-0.0015868,-0.00080069,0.039185,0.002879,0.00064516,0.006328,0.96542,0.091564,0.92994,0.89635,0.91189,0.84694,0.28472,0.94273,0.75535,0.8131,0.97144,0.46141,0.85101,0.37436,0.064634,0.028683,0.12824,0.056303,1,1
0.15388,0.12798,0.089543,0.1539,0.20434,0.18491,0.10288,0.089944,0.17987,0.14769,0.83776,0.33625,0.78618,0.82263,0.85577,0.78775,0.49403,0.90403,0.73168,0.78739,0.72567,0.36198,0.82652,0.15815,0.30547,0.11052,0.12824,0.16425,1,1
0.10306,0.16867,0.078488,0.11075,0.18714,0.089573,0.17697,0.057773,0.12123,0.14702,0.67471,0.5216,0.70611,0.70941,0.63722,0.58592,0.43253,0.67003,0.4714,0.65743,0.81467,0.34249,0.83897,0.42068,0.21568,0.10742,0.12824,0.070972,0,1
0.10575,0.18529,0.048379,0.089506,0.097743,0.09548,0.13961,0.038741,0.058587,0.078954,0.58508,0.34161,0.7343,0.73652,0.7521,0.68023,0.34934,0.7273,0.51691,0.7081,0.85712,0.41262,0.78824,0.28241,0.27172,0.11257,0.12825,0.080391,1,1
0.28154,0.059471,0.26095,0.25786,0.31828,0.2482,0.04773,0.12662,0.31113,0.29124,0.67616,0.73713,0.56927,0.67151,0.61163,0.663,0.62792,0.57266,0.59626,0.74476,0.85531,0.40516,0.69673,0.4482,0.19552,0.0078583,0.12824,0.045059,0,1
0.22634,0.21691,0.1719,0.16331,0.20444,0.20139,0.16579,0.10587,0.19848,0.20493,0.61944,0.47219,0.54122,0.71119,0.76104,0.54883,0.40995,0.6055,0.52162,0.65575,0.76346,0.4038,0.73874,0.35761,0.30698,0.057296,0.12824,0.13426,0,1
